# binary double-slingshot  M=3.0  sep=100M  turn=(+50,-50)deg  samples=1500  duration=28.0s
# up 0 0 1
# hole 0.00000 0.00000 0 3.00000
# hole 100.00000 0.00000 0 3.00000
0.00000 -38.00000 -12.97454 0.00000 0.85152 -0.29140 0.00000
0.01422 -37.88210 -13.01487 0.00000 0.85157 -0.29123 0.00000
0.02844 -37.76417 -13.05519 0.00000 0.85161 -0.29106 0.00000
0.04267 -37.64619 -13.09550 0.00000 0.85166 -0.29088 0.00000
0.05690 -37.52818 -13.13579 0.00000 0.85171 -0.29071 0.00000
0.07113 -37.41013 -13.17607 0.00000 0.85176 -0.29053 0.00000
0.08537 -37.29203 -13.21634 0.00000 0.85181 -0.29035 0.00000
0.09961 -37.17390 -13.25659 0.00000 0.85186 -0.29016 0.00000
0.11386 -37.05573 -13.29683 0.00000 0.85190 -0.28998 0.00000
0.12811 -36.93751 -13.33706 0.00000 0.85195 -0.28979 0.00000
0.14236 -36.81925 -13.37727 0.00000 0.85200 -0.28960 0.00000
0.15662 -36.70096 -13.41746 0.00000 0.85205 -0.28941 0.00000
0.17089 -36.58261 -13.45764 0.00000 0.85210 -0.28921 0.00000
0.18515 -36.46423 -13.49781 0.00000 0.85215 -0.28902 0.00000
0.19943 -36.34581 -13.53796 0.00000 0.85221 -0.28882 0.00000
0.21370 -36.22734 -13.57809 0.00000 0.85226 -0.28862 0.00000
0.22798 -36.10883 -13.61821 0.00000 0.85231 -0.28841 0.00000
0.24227 -35.99027 -13.65832 0.00000 0.85236 -0.28821 0.00000
0.25656 -35.87167 -13.69840 0.00000 0.85241 -0.28800 0.00000
0.27085 -35.75303 -13.73847 0.00000 0.85246 -0.28779 0.00000
0.28515 -35.63434 -13.77853 0.00000 0.85252 -0.28758 0.00000
0.29945 -35.51560 -13.81856 0.00000 0.85257 -0.28736 0.00000
0.31376 -35.39682 -13.85858 0.00000 0.85262 -0.28714 0.00000
0.32807 -35.27800 -13.89858 0.00000 0.85267 -0.28692 0.00000
0.34239 -35.15912 -13.93857 0.00000 0.85273 -0.28670 0.00000
0.35671 -35.04020 -13.97853 0.00000 0.85278 -0.28648 0.00000
0.37104 -34.92124 -14.01848 0.00000 0.85284 -0.28625 0.00000
0.38537 -34.80222 -14.05841 0.00000 0.85289 -0.28602 0.00000
0.39970 -34.68316 -14.09832 0.00000 0.85294 -0.28578 0.00000
0.41404 -34.56405 -14.13821 0.00000 0.85300 -0.28555 0.00000
0.42839 -34.44489 -14.17808 0.00000 0.85305 -0.28531 0.00000
0.44274 -34.32568 -14.21793 0.00000 0.85311 -0.28507 0.00000
0.45710 -34.20642 -14.25777 0.00000 0.85316 -0.28482 0.00000
0.47146 -34.08712 -14.29758 0.00000 0.85322 -0.28458 0.00000
0.48582 -33.96776 -14.33737 0.00000 0.85328 -0.28433 0.00000
0.50019 -33.84835 -14.37714 0.00000 0.85333 -0.28407 0.00000
0.51457 -33.72889 -14.41689 0.00000 0.85339 -0.28382 0.00000
0.52895 -33.60937 -14.45662 0.00000 0.85345 -0.28356 0.00000
0.54334 -33.48981 -14.49632 0.00000 0.85350 -0.28329 0.00000
0.55773 -33.37019 -14.53600 0.00000 0.85356 -0.28303 0.00000
0.57213 -33.25052 -14.57567 0.00000 0.85362 -0.28276 0.00000
0.58653 -33.13080 -14.61530 0.00000 0.85368 -0.28249 0.00000
0.60094 -33.01102 -14.65492 0.00000 0.85373 -0.28221 0.00000
0.61536 -32.89119 -14.69451 0.00000 0.85379 -0.28194 0.00000
0.62978 -32.77130 -14.73408 0.00000 0.85385 -0.28165 0.00000
0.64420 -32.65136 -14.77362 0.00000 0.85391 -0.28137 0.00000
0.65863 -32.53136 -14.81314 0.00000 0.85397 -0.28108 0.00000
0.67307 -32.41130 -14.85263 0.00000 0.85403 -0.28079 0.00000
0.68752 -32.29119 -14.89210 0.00000 0.85409 -0.28049 0.00000
0.70196 -32.17103 -14.93155 0.00000 0.85414 -0.28020 0.00000
0.71642 -32.05080 -14.97096 0.00000 0.85420 -0.27989 0.00000
0.73088 -31.93051 -15.01035 0.00000 0.85426 -0.27959 0.00000
0.74535 -31.81017 -15.04972 0.00000 0.85432 -0.27928 0.00000
0.75982 -31.68977 -15.08905 0.00000 0.85438 -0.27896 0.00000
0.77430 -31.56931 -15.12836 0.00000 0.85444 -0.27865 0.00000
0.78878 -31.44879 -15.16764 0.00000 0.85451 -0.27833 0.00000
0.80328 -31.32820 -15.20689 0.00000 0.85457 -0.27800 0.00000
0.81777 -31.20756 -15.24611 0.00000 0.85463 -0.27767 0.00000
0.83228 -31.08685 -15.28531 0.00000 0.85469 -0.27734 0.00000
0.84679 -30.96608 -15.32447 0.00000 0.85475 -0.27700 0.00000
0.86131 -30.84525 -15.36360 0.00000 0.85481 -0.27666 0.00000
0.87583 -30.72436 -15.40271 0.00000 0.85487 -0.27632 0.00000
0.89036 -30.60340 -15.44178 0.00000 0.85493 -0.27597 0.00000
0.90490 -30.48238 -15.48082 0.00000 0.85499 -0.27562 0.00000
0.91944 -30.36129 -15.51982 0.00000 0.85506 -0.27526 0.00000
0.93399 -30.24014 -15.55880 0.00000 0.85512 -0.27490 0.00000
0.94855 -30.11892 -15.59774 0.00000 0.85518 -0.27453 0.00000
0.96311 -29.99764 -15.63665 0.00000 0.85524 -0.27416 0.00000
0.97769 -29.87628 -15.67552 0.00000 0.85530 -0.27379 0.00000
0.99226 -29.75486 -15.71436 0.00000 0.85537 -0.27341 0.00000
1.00685 -29.63337 -15.75316 0.00000 0.85543 -0.27302 0.00000
1.02144 -29.51182 -15.79193 0.00000 0.85549 -0.27263 0.00000
1.03604 -29.39019 -15.83066 0.00000 0.85555 -0.27224 0.00000
1.05065 -29.26849 -15.86935 0.00000 0.85562 -0.27184 0.00000
1.06527 -29.14673 -15.90801 0.00000 0.85568 -0.27144 0.00000
1.07989 -29.02489 -15.94663 0.00000 0.85574 -0.27103 0.00000
1.09452 -28.90298 -15.98521 0.00000 0.85580 -0.27062 0.00000
1.10916 -28.78099 -16.02375 0.00000 0.85587 -0.27020 0.00000
1.12380 -28.65894 -16.06225 0.00000 0.85593 -0.26977 0.00000
1.13845 -28.53681 -16.10072 0.00000 0.85599 -0.26935 0.00000
1.15312 -28.41460 -16.13914 0.00000 0.85605 -0.26891 0.00000
1.16778 -28.29233 -16.17751 0.00000 0.85612 -0.26847 0.00000
1.18246 -28.16997 -16.21585 0.00000 0.85618 -0.26803 0.00000
1.19715 -28.04754 -16.25414 0.00000 0.85624 -0.26758 0.00000
1.21184 -27.92503 -16.29239 0.00000 0.85630 -0.26712 0.00000
1.22654 -27.80245 -16.33060 0.00000 0.85637 -0.26666 0.00000
1.24125 -27.67979 -16.36876 0.00000 0.85643 -0.26620 0.00000
1.25597 -27.55705 -16.40688 0.00000 0.85649 -0.26572 0.00000
1.27069 -27.43423 -16.44495 0.00000 0.85655 -0.26525 0.00000
1.28543 -27.31132 -16.48297 0.00000 0.85661 -0.26476 0.00000
1.30017 -27.18834 -16.52094 0.00000 0.85668 -0.26427 0.00000
1.31492 -27.06528 -16.55887 0.00000 0.85674 -0.26378 0.00000
1.32969 -26.94214 -16.59675 0.00000 0.85680 -0.26328 0.00000
1.34446 -26.81891 -16.63457 0.00000 0.85686 -0.26277 0.00000
1.35923 -26.69560 -16.67235 0.00000 0.85692 -0.26225 0.00000
1.37402 -26.57220 -16.71007 0.00000 0.85698 -0.26173 0.00000
1.38882 -26.44873 -16.74775 0.00000 0.85704 -0.26121 0.00000
1.40362 -26.32516 -16.78537 0.00000 0.85710 -0.26067 0.00000
1.41844 -26.20151 -16.82293 0.00000 0.85716 -0.26013 0.00000
1.43326 -26.07777 -16.86045 0.00000 0.85722 -0.25959 0.00000
1.44810 -25.95395 -16.89790 0.00000 0.85728 -0.25904 0.00000
1.46294 -25.83003 -16.93530 0.00000 0.85733 -0.25848 0.00000
1.47780 -25.70603 -16.97265 0.00000 0.85739 -0.25791 0.00000
1.49266 -25.58194 -17.00993 0.00000 0.85745 -0.25734 0.00000
1.50753 -25.45776 -17.04716 0.00000 0.85751 -0.25676 0.00000
1.52242 -25.33348 -17.08432 0.00000 0.85756 -0.25617 0.00000
1.53731 -25.20912 -17.12143 0.00000 0.85762 -0.25557 0.00000
1.55221 -25.08466 -17.15847 0.00000 0.85768 -0.25497 0.00000
1.56712 -24.96011 -17.19545 0.00000 0.85773 -0.25436 0.00000
1.58205 -24.83547 -17.23237 0.00000 0.85778 -0.25375 0.00000
1.59698 -24.71073 -17.26923 0.00000 0.85784 -0.25312 0.00000
1.61193 -24.58589 -17.30601 0.00000 0.85789 -0.25249 0.00000
1.62688 -24.46096 -17.34274 0.00000 0.85794 -0.25185 0.00000
1.64185 -24.33593 -17.37939 0.00000 0.85800 -0.25121 0.00000
1.65682 -24.21081 -17.41598 0.00000 0.85805 -0.25055 0.00000
1.67181 -24.08558 -17.45249 0.00000 0.85810 -0.24989 0.00000
1.68681 -23.96026 -17.48894 0.00000 0.85815 -0.24922 0.00000
1.70182 -23.83483 -17.52531 0.00000 0.85820 -0.24854 0.00000
1.71684 -23.70931 -17.56161 0.00000 0.85824 -0.24785 0.00000
1.73187 -23.58368 -17.59784 0.00000 0.85829 -0.24716 0.00000
1.74692 -23.45795 -17.63400 0.00000 0.85834 -0.24646 0.00000
1.76197 -23.33212 -17.67007 0.00000 0.85838 -0.24574 0.00000
1.77704 -23.20619 -17.70607 0.00000 0.85843 -0.24502 0.00000
1.79212 -23.08015 -17.74199 0.00000 0.85847 -0.24429 0.00000
1.80721 -22.95400 -17.77784 0.00000 0.85851 -0.24356 0.00000
1.82231 -22.82775 -17.81360 0.00000 0.85856 -0.24281 0.00000
1.83742 -22.70139 -17.84928 0.00000 0.85860 -0.24205 0.00000
1.85255 -22.57493 -17.88487 0.00000 0.85863 -0.24129 0.00000
1.86769 -22.44835 -17.92039 0.00000 0.85867 -0.24052 0.00000
1.88284 -22.32167 -17.95581 0.00000 0.85871 -0.23973 0.00000
1.89800 -22.19487 -17.99115 0.00000 0.85874 -0.23894 0.00000
1.91318 -22.06797 -18.02640 0.00000 0.85878 -0.23814 0.00000
1.92837 -21.94095 -18.06156 0.00000 0.85881 -0.23733 0.00000
1.94357 -21.81382 -18.09663 0.00000 0.85884 -0.23651 0.00000
1.95879 -21.68657 -18.13161 0.00000 0.85887 -0.23568 0.00000
1.97401 -21.55922 -18.16650 0.00000 0.85890 -0.23484 0.00000
1.98926 -21.43175 -18.20129 0.00000 0.85893 -0.23399 0.00000
2.00451 -21.30416 -18.23598 0.00000 0.85895 -0.23313 0.00000
2.01978 -21.17645 -18.27058 0.00000 0.85898 -0.23226 0.00000
2.03506 -21.04863 -18.30507 0.00000 0.85900 -0.23138 0.00000
2.05036 -20.92069 -18.33947 0.00000 0.85902 -0.23049 0.00000
2.06567 -20.79263 -18.37376 0.00000 0.85904 -0.22959 0.00000
2.08099 -20.66445 -18.40795 0.00000 0.85905 -0.22868 0.00000
2.09633 -20.53616 -18.44203 0.00000 0.85907 -0.22776 0.00000
2.11168 -20.40774 -18.47601 0.00000 0.85908 -0.22683 0.00000
2.12705 -20.27919 -18.50988 0.00000 0.85909 -0.22588 0.00000
2.14243 -20.15053 -18.54364 0.00000 0.85910 -0.22493 0.00000
2.15782 -20.02174 -18.57729 0.00000 0.85911 -0.22397 0.00000
2.17323 -19.89283 -18.61082 0.00000 0.85911 -0.22299 0.00000
2.18866 -19.76379 -18.64424 0.00000 0.85911 -0.22200 0.00000
2.20410 -19.63462 -18.67754 0.00000 0.85911 -0.22101 0.00000
2.21955 -19.50533 -18.71073 0.00000 0.85911 -0.22000 0.00000
2.23502 -19.37591 -18.74379 0.00000 0.85911 -0.21898 0.00000
2.25051 -19.24637 -18.77673 0.00000 0.85910 -0.21794 0.00000
2.26601 -19.11669 -18.80955 0.00000 0.85909 -0.21690 0.00000
2.28153 -18.98689 -18.84225 0.00000 0.85908 -0.21585 0.00000
2.29706 -18.85695 -18.87481 0.00000 0.85906 -0.21478 0.00000
2.31261 -18.72688 -18.90725 0.00000 0.85904 -0.21370 0.00000
2.32818 -18.59668 -18.93956 0.00000 0.85902 -0.21261 0.00000
2.34376 -18.46635 -18.97173 0.00000 0.85900 -0.21151 0.00000
2.35936 -18.33589 -19.00377 0.00000 0.85897 -0.21039 0.00000
2.37497 -18.20529 -19.03568 0.00000 0.85894 -0.20927 0.00000
2.39060 -18.07455 -19.06744 0.00000 0.85891 -0.20813 0.00000
2.40625 -17.94368 -19.09907 0.00000 0.85887 -0.20697 0.00000
2.42192 -17.81267 -19.13055 0.00000 0.85883 -0.20581 0.00000
2.43760 -17.68153 -19.16189 0.00000 0.85879 -0.20463 0.00000
2.45330 -17.55025 -19.19308 0.00000 0.85875 -0.20344 0.00000
2.46902 -17.41883 -19.22412 0.00000 0.85870 -0.20224 0.00000
2.48475 -17.28727 -19.25501 0.00000 0.85864 -0.20103 0.00000
2.50050 -17.15557 -19.28576 0.00000 0.85859 -0.19980 0.00000
2.51627 -17.02373 -19.31634 0.00000 0.85853 -0.19856 0.00000
2.53206 -16.89175 -19.34677 0.00000 0.85846 -0.19731 0.00000
2.54787 -16.75963 -19.37704 0.00000 0.85840 -0.19604 0.00000
2.56369 -16.62737 -19.40715 0.00000 0.85832 -0.19476 0.00000
2.57954 -16.49496 -19.43709 0.00000 0.85825 -0.19346 0.00000
2.59540 -16.36241 -19.46687 0.00000 0.85817 -0.19216 0.00000
2.61128 -16.22971 -19.49649 0.00000 0.85808 -0.19084 0.00000
2.62718 -16.09687 -19.52593 0.00000 0.85800 -0.18950 0.00000
2.64310 -15.96389 -19.55520 0.00000 0.85790 -0.18816 0.00000
2.65903 -15.83076 -19.58429 0.00000 0.85781 -0.18680 0.00000
2.67499 -15.69748 -19.61321 0.00000 0.85770 -0.18542 0.00000
2.69097 -15.56406 -19.64195 0.00000 0.85760 -0.18403 0.00000
2.70696 -15.43049 -19.67051 0.00000 0.85749 -0.18263 0.00000
2.72298 -15.29677 -19.69888 0.00000 0.85737 -0.18122 0.00000
2.73901 -15.16290 -19.72706 0.00000 0.85725 -0.17979 0.00000
2.75507 -15.02889 -19.75506 0.00000 0.85712 -0.17834 0.00000
2.77115 -14.89472 -19.78286 0.00000 0.85699 -0.17689 0.00000
2.78724 -14.76041 -19.81047 0.00000 0.85686 -0.17542 0.00000
2.80336 -14.62595 -19.83789 0.00000 0.85671 -0.17393 0.00000
2.81950 -14.49133 -19.86510 0.00000 0.85657 -0.17243 0.00000
2.83566 -14.35657 -19.89211 0.00000 0.85641 -0.17092 0.00000
2.85184 -14.22165 -19.91892 0.00000 0.85626 -0.16939 0.00000
2.86804 -14.08658 -19.94552 0.00000 0.85609 -0.16785 0.00000
2.88426 -13.95136 -19.97191 0.00000 0.85592 -0.16629 0.00000
2.90051 -13.81599 -19.99809 0.00000 0.85575 -0.16472 0.00000
2.91677 -13.68047 -20.02405 0.00000 0.85556 -0.16313 0.00000
2.93306 -13.54479 -20.04980 0.00000 0.85538 -0.16153 0.00000
2.94937 -13.40897 -20.07532 0.00000 0.85518 -0.15992 0.00000
2.96570 -13.27298 -20.10063 0.00000 0.85498 -0.15829 0.00000
2.98206 -13.13685 -20.12570 0.00000 0.85478 -0.15665 0.00000
2.99843 -13.00056 -20.15055 0.00000 0.85456 -0.15499 0.00000
3.01483 -12.86412 -20.17517 0.00000 0.85434 -0.15332 0.00000
3.03125 -12.72753 -20.19955 0.00000 0.85412 -0.15163 0.00000
3.04770 -12.59078 -20.22369 0.00000 0.85388 -0.14993 0.00000
3.06417 -12.45388 -20.24760 0.00000 0.85364 -0.14822 0.00000
3.08066 -12.31683 -20.27126 0.00000 0.85340 -0.14649 0.00000
3.09717 -12.17962 -20.29467 0.00000 0.85314 -0.14475 0.00000
3.11371 -12.04226 -20.31784 0.00000 0.85288 -0.14299 0.00000
3.13027 -11.90474 -20.34076 0.00000 0.85261 -0.14122 0.00000
3.14685 -11.76708 -20.36342 0.00000 0.85234 -0.13943 0.00000
3.16346 -11.62925 -20.38582 0.00000 0.85205 -0.13763 0.00000
3.18009 -11.49128 -20.40797 0.00000 0.85176 -0.13582 0.00000
3.19675 -11.35315 -20.42985 0.00000 0.85146 -0.13399 0.00000
3.21343 -11.21488 -20.45146 0.00000 0.85115 -0.13214 0.00000
3.23014 -11.07644 -20.47281 0.00000 0.85084 -0.13029 0.00000
3.24687 -10.93786 -20.49388 0.00000 0.85052 -0.12842 0.00000
3.26362 -10.79913 -20.51468 0.00000 0.85019 -0.12653 0.00000
3.28040 -10.66024 -20.53520 0.00000 0.84985 -0.12463 0.00000
3.29721 -10.52120 -20.55543 0.00000 0.84950 -0.12272 0.00000
3.31404 -10.38202 -20.57539 0.00000 0.84914 -0.12079 0.00000
3.33090 -10.24268 -20.59505 0.00000 0.84878 -0.11885 0.00000
3.34778 -10.10319 -20.61443 0.00000 0.84841 -0.11690 0.00000
3.36468 -9.96356 -20.63351 0.00000 0.84802 -0.11493 0.00000
3.38162 -9.82377 -20.65230 0.00000 0.84763 -0.11295 0.00000
3.39857 -9.68384 -20.67078 0.00000 0.84723 -0.11095 0.00000
3.41556 -9.54376 -20.68897 0.00000 0.84683 -0.10895 0.00000
3.43257 -9.40353 -20.70684 0.00000 0.84641 -0.10692 0.00000
3.44960 -9.26316 -20.72441 0.00000 0.84598 -0.10489 0.00000
3.46667 -9.12265 -20.74167 0.00000 0.84555 -0.10284 0.00000
3.48375 -8.98198 -20.75861 0.00000 0.84510 -0.10078 0.00000
3.50087 -8.84118 -20.77523 0.00000 0.84465 -0.09871 0.00000
3.51801 -8.70023 -20.79154 0.00000 0.84418 -0.09662 0.00000
3.53518 -8.55915 -20.80751 0.00000 0.84371 -0.09453 0.00000
3.55238 -8.41792 -20.82316 0.00000 0.84323 -0.09241 0.00000
3.56960 -8.27655 -20.83848 0.00000 0.84273 -0.09029 0.00000
3.58685 -8.13504 -20.85347 0.00000 0.84223 -0.08816 0.00000
3.60412 -7.99340 -20.86812 0.00000 0.84172 -0.08601 0.00000
3.62143 -7.85162 -20.88243 0.00000 0.84120 -0.08385 0.00000
3.63876 -7.70970 -20.89640 0.00000 0.84066 -0.08168 0.00000
3.65612 -7.56765 -20.91002 0.00000 0.84012 -0.07950 0.00000
3.67350 -7.42547 -20.92330 0.00000 0.83957 -0.07731 0.00000
3.69092 -7.28315 -20.93622 0.00000 0.83901 -0.07510 0.00000
3.70836 -7.14071 -20.94878 0.00000 0.83843 -0.07289 0.00000
3.72583 -6.99814 -20.96099 0.00000 0.83785 -0.07066 0.00000
3.74333 -6.85544 -20.97284 0.00000 0.83726 -0.06843 0.00000
3.76085 -6.71261 -20.98433 0.00000 0.83665 -0.06618 0.00000
3.77841 -6.56966 -20.99545 0.00000 0.83604 -0.06392 0.00000
3.79599 -6.42659 -21.00620 0.00000 0.83541 -0.06165 0.00000
3.81360 -6.28339 -21.01657 0.00000 0.83478 -0.05938 0.00000
3.83124 -6.14008 -21.02657 0.00000 0.83413 -0.05709 0.00000
3.84890 -5.99665 -21.03620 0.00000 0.83347 -0.05480 0.00000
3.86660 -5.85310 -21.04544 0.00000 0.83281 -0.05249 0.00000
3.88432 -5.70943 -21.05430 0.00000 0.83213 -0.05018 0.00000
3.90207 -5.56566 -21.06277 0.00000 0.83144 -0.04785 0.00000
3.91985 -5.42177 -21.07085 0.00000 0.83074 -0.04552 0.00000
3.93766 -5.27778 -21.07855 0.00000 0.83003 -0.04318 0.00000
3.95550 -5.13367 -21.08584 0.00000 0.82931 -0.04083 0.00000
3.97336 -4.98947 -21.09274 0.00000 0.82858 -0.03848 0.00000
3.99126 -4.84516 -21.09924 0.00000 0.82784 -0.03612 0.00000
4.00918 -4.70075 -21.10534 0.00000 0.82708 -0.03375 0.00000
4.02713 -4.55623 -21.11103 0.00000 0.82632 -0.03137 0.00000
4.04511 -4.41163 -21.11631 0.00000 0.82555 -0.02898 0.00000
4.06312 -4.26693 -21.12118 0.00000 0.82476 -0.02659 0.00000
4.08116 -4.12213 -21.12564 0.00000 0.82397 -0.02420 0.00000
4.09923 -3.97725 -21.12969 0.00000 0.82316 -0.02179 0.00000
4.11732 -3.83228 -21.13332 0.00000 0.82234 -0.01938 0.00000
4.13545 -3.68722 -21.13653 0.00000 0.82151 -0.01697 0.00000
4.15360 -3.54208 -21.13931 0.00000 0.82067 -0.01455 0.00000
4.17178 -3.39686 -21.14167 0.00000 0.81983 -0.01213 0.00000
4.18999 -3.25156 -21.14361 0.00000 0.81897 -0.00970 0.00000
4.20823 -3.10618 -21.14511 0.00000 0.81810 -0.00726 0.00000
4.22650 -2.96073 -21.14619 0.00000 0.81721 -0.00483 0.00000
4.24480 -2.81522 -21.14683 0.00000 0.81632 -0.00238 0.00000
4.26313 -2.66963 -21.14704 0.00000 0.81542 0.00006 0.00000
4.28148 -2.52397 -21.14681 0.00000 0.81451 0.00251 0.00000
4.29986 -2.37826 -21.14614 0.00000 0.81359 0.00496 0.00000
4.31827 -2.23248 -21.14503 0.00000 0.81265 0.00741 0.00000
4.33671 -2.08665 -21.14348 0.00000 0.81171 0.00987 0.00000
4.35518 -1.94076 -21.14148 0.00000 0.81076 0.01233 0.00000
4.37368 -1.79482 -21.13904 0.00000 0.80980 0.01479 0.00000
4.39221 -1.64883 -21.13615 0.00000 0.80882 0.01725 0.00000
4.41076 -1.50280 -21.13281 0.00000 0.80784 0.01971 0.00000
4.42934 -1.35672 -21.12902 0.00000 0.80685 0.02218 0.00000
4.44795 -1.21060 -21.12478 0.00000 0.80585 0.02464 0.00000
4.46659 -1.06444 -21.12008 0.00000 0.80483 0.02711 0.00000
4.48526 -0.91825 -21.11493 0.00000 0.80381 0.02957 0.00000
4.50395 -0.77202 -21.10933 0.00000 0.80278 0.03204 0.00000
4.52267 -0.62577 -21.10326 0.00000 0.80174 0.03450 0.00000
4.54142 -0.47949 -21.09674 0.00000 0.80069 0.03697 0.00000
4.56020 -0.33319 -21.08975 0.00000 0.79963 0.03943 0.00000
4.57900 -0.18687 -21.08231 0.00000 0.79857 0.04189 0.00000
4.59784 -0.04053 -21.07440 0.00000 0.79749 0.04435 0.00000
4.61670 0.10582 -21.06603 0.00000 0.79641 0.04680 0.00000
4.63558 0.25219 -21.05720 0.00000 0.79531 0.04926 0.00000
4.65450 0.39856 -21.04790 0.00000 0.79421 0.05171 0.00000
4.67344 0.54493 -21.03814 0.00000 0.79310 0.05416 0.00000
4.69240 0.69131 -21.02791 0.00000 0.79199 0.05661 0.00000
4.71140 0.83768 -21.01721 0.00000 0.79086 0.05905 0.00000
4.73042 0.98405 -21.00605 0.00000 0.78973 0.06149 0.00000
4.74947 1.13042 -20.99442 0.00000 0.78858 0.06392 0.00000
4.76854 1.27677 -20.98232 0.00000 0.78744 0.06635 0.00000
4.78764 1.42310 -20.96976 0.00000 0.78628 0.06878 0.00000
4.80676 1.56942 -20.95672 0.00000 0.78512 0.07120 0.00000
4.82591 1.71572 -20.94322 0.00000 0.78395 0.07361 0.00000
4.84509 1.86199 -20.92925 0.00000 0.78277 0.07602 0.00000
4.86429 2.00824 -20.91481 0.00000 0.78158 0.07843 0.00000
4.88352 2.15446 -20.89990 0.00000 0.78039 0.08083 0.00000
4.90277 2.30064 -20.88453 0.00000 0.77920 0.08322 0.00000
4.92205 2.44679 -20.86868 0.00000 0.77799 0.08560 0.00000
4.94135 2.59289 -20.85237 0.00000 0.77678 0.08798 0.00000
4.96068 2.73896 -20.83559 0.00000 0.77557 0.09035 0.00000
4.98003 2.88498 -20.81834 0.00000 0.77435 0.09272 0.00000
4.99940 3.03095 -20.80063 0.00000 0.77312 0.09507 0.00000
5.01880 3.17687 -20.78245 0.00000 0.77189 0.09742 0.00000
5.03822 3.32273 -20.76380 0.00000 0.77066 0.09976 0.00000
5.05767 3.46853 -20.74469 0.00000 0.76941 0.10210 0.00000
5.07714 3.61427 -20.72512 0.00000 0.76817 0.10442 0.00000
5.09663 3.75995 -20.70508 0.00000 0.76692 0.10674 0.00000
5.11614 3.90556 -20.68458 0.00000 0.76566 0.10904 0.00000
5.13568 4.05110 -20.66361 0.00000 0.76441 0.11134 0.00000
5.15524 4.19657 -20.64219 0.00000 0.76314 0.11363 0.00000
5.17482 4.34196 -20.62031 0.00000 0.76188 0.11591 0.00000
5.19443 4.48727 -20.59797 0.00000 0.76061 0.11817 0.00000
5.21405 4.63250 -20.57517 0.00000 0.75933 0.12043 0.00000
5.23370 4.77764 -20.55191 0.00000 0.75806 0.12268 0.00000
5.25337 4.92269 -20.52820 0.00000 0.75678 0.12492 0.00000
5.27305 5.06766 -20.50404 0.00000 0.75550 0.12714 0.00000
5.29276 5.21253 -20.47943 0.00000 0.75422 0.12936 0.00000
5.31249 5.35730 -20.45436 0.00000 0.75293 0.13157 0.00000
5.33224 5.50197 -20.42885 0.00000 0.75164 0.13376 0.00000
5.35201 5.64654 -20.40289 0.00000 0.75035 0.13594 0.00000
5.37180 5.79101 -20.37649 0.00000 0.74906 0.13811 0.00000
5.39161 5.93536 -20.34964 0.00000 0.74777 0.14027 0.00000
5.41144 6.07961 -20.32235 0.00000 0.74647 0.14242 0.00000
5.43129 6.22374 -20.29462 0.00000 0.74518 0.14455 0.00000
5.45115 6.36776 -20.26645 0.00000 0.74389 0.14668 0.00000
5.47103 6.51166 -20.23785 0.00000 0.74259 0.14879 0.00000
5.49094 6.65544 -20.20881 0.00000 0.74129 0.15089 0.00000
5.51086 6.79909 -20.17934 0.00000 0.74000 0.15297 0.00000
5.53079 6.94262 -20.14945 0.00000 0.73870 0.15505 0.00000
5.55075 7.08602 -20.11912 0.00000 0.73741 0.15711 0.00000
5.57072 7.22929 -20.08837 0.00000 0.73611 0.15916 0.00000
5.59070 7.37243 -20.05720 0.00000 0.73482 0.16119 0.00000
5.61071 7.51543 -20.02560 0.00000 0.73352 0.16321 0.00000
5.63073 7.65830 -19.99359 0.00000 0.73223 0.16522 0.00000
5.65076 7.80102 -19.96116 0.00000 0.73094 0.16721 0.00000
5.67081 7.94361 -19.92832 0.00000 0.72965 0.16919 0.00000
5.69088 8.08604 -19.89507 0.00000 0.72836 0.17116 0.00000
5.71096 8.22834 -19.86141 0.00000 0.72708 0.17312 0.00000
5.73105 8.37048 -19.82735 0.00000 0.72580 0.17506 0.00000
5.75116 8.51248 -19.79288 0.00000 0.72452 0.17698 0.00000
5.77129 8.65432 -19.75801 0.00000 0.72324 0.17890 0.00000
5.79143 8.79601 -19.72275 0.00000 0.72196 0.18079 0.00000
5.81158 8.93754 -19.68709 0.00000 0.72069 0.18268 0.00000
5.83174 9.07891 -19.65104 0.00000 0.71942 0.18455 0.00000
5.85192 9.22013 -19.61460 0.00000 0.71815 0.18641 0.00000
5.87210 9.36118 -19.57777 0.00000 0.71689 0.18825 0.00000
5.89231 9.50208 -19.54056 0.00000 0.71563 0.19008 0.00000
5.91252 9.64280 -19.50297 0.00000 0.71438 0.19189 0.00000
5.93274 9.78336 -19.46501 0.00000 0.71313 0.19369 0.00000
5.95298 9.92376 -19.42666 0.00000 0.71188 0.19548 0.00000
5.97323 10.06398 -19.38795 0.00000 0.71064 0.19725 0.00000
5.99348 10.20403 -19.34887 0.00000 0.70940 0.19901 0.00000
6.01375 10.34391 -19.30942 0.00000 0.70817 0.20075 0.00000
6.03403 10.48362 -19.26962 0.00000 0.70694 0.20248 0.00000
6.05432 10.62315 -19.22945 0.00000 0.70572 0.20419 0.00000
6.07461 10.76251 -19.18892 0.00000 0.70450 0.20589 0.00000
6.09492 10.90169 -19.14805 0.00000 0.70329 0.20758 0.00000
6.11523 11.04069 -19.10682 0.00000 0.70208 0.20925 0.00000
6.13556 11.17951 -19.06524 0.00000 0.70088 0.21090 0.00000
6.15589 11.31816 -19.02333 0.00000 0.69969 0.21255 0.00000
6.17623 11.45662 -18.98107 0.00000 0.69850 0.21417 0.00000
6.19658 11.59489 -18.93847 0.00000 0.69732 0.21579 0.00000
6.21693 11.73299 -18.89555 0.00000 0.69614 0.21739 0.00000
6.23730 11.87090 -18.85229 0.00000 0.69497 0.21897 0.00000
6.25766 12.00862 -18.80870 0.00000 0.69381 0.22054 0.00000
6.27804 12.14616 -18.76479 0.00000 0.69265 0.22210 0.00000
6.29842 12.28351 -18.72056 0.00000 0.69150 0.22364 0.00000
6.31881 12.42068 -18.67601 0.00000 0.69036 0.22517 0.00000
6.33920 12.55765 -18.63114 0.00000 0.68922 0.22669 0.00000
6.35960 12.69444 -18.58596 0.00000 0.68809 0.22819 0.00000
6.38001 12.83104 -18.54048 0.00000 0.68697 0.22968 0.00000
6.40041 12.96744 -18.49469 0.00000 0.68586 0.23115 0.00000
6.42083 13.10366 -18.44860 0.00000 0.68475 0.23261 0.00000
6.44125 13.23969 -18.40221 0.00000 0.68365 0.23405 0.00000
6.46167 13.37552 -18.35553 0.00000 0.68256 0.23548 0.00000
6.48209 13.51117 -18.30855 0.00000 0.68148 0.23690 0.00000
6.50252 13.64662 -18.26129 0.00000 0.68040 0.23831 0.00000
6.52295 13.78188 -18.21374 0.00000 0.67933 0.23970 0.00000
6.54339 13.91695 -18.16591 0.00000 0.67827 0.24108 0.00000
6.56382 14.05182 -18.11779 0.00000 0.67722 0.24244 0.00000
6.58426 14.18650 -18.06941 0.00000 0.67618 0.24379 0.00000
6.60471 14.32099 -18.02075 0.00000 0.67514 0.24513 0.00000
6.62515 14.45529 -17.97182 0.00000 0.67412 0.24645 0.00000
6.64559 14.58939 -17.92263 0.00000 0.67310 0.24776 0.00000
6.66604 14.72330 -17.87317 0.00000 0.67209 0.24906 0.00000
6.68649 14.85702 -17.82345 0.00000 0.67109 0.25035 0.00000
6.70694 14.99054 -17.77348 0.00000 0.67010 0.25162 0.00000
6.72739 15.12387 -17.72325 0.00000 0.66912 0.25288 0.00000
6.74784 15.25701 -17.67277 0.00000 0.66814 0.25413 0.00000
6.76828 15.38995 -17.62205 0.00000 0.66718 0.25536 0.00000
6.78873 15.52270 -17.57108 0.00000 0.66622 0.25659 0.00000
6.80918 15.65526 -17.51986 0.00000 0.66527 0.25780 0.00000
6.82963 15.78763 -17.46842 0.00000 0.66433 0.25899 0.00000
6.85008 15.91981 -17.41673 0.00000 0.66340 0.26018 0.00000
6.87052 16.05179 -17.36482 0.00000 0.66248 0.26135 0.00000
6.89097 16.18359 -17.31267 0.00000 0.66157 0.26251 0.00000
6.91141 16.31519 -17.26030 0.00000 0.66067 0.26366 0.00000
6.93185 16.44660 -17.20771 0.00000 0.65977 0.26480 0.00000
6.95229 16.57782 -17.15489 0.00000 0.65889 0.26593 0.00000
6.97273 16.70886 -17.10186 0.00000 0.65802 0.26704 0.00000
6.99316 16.83970 -17.04862 0.00000 0.65715 0.26815 0.00000
7.01360 16.97035 -16.99516 0.00000 0.65629 0.26924 0.00000
7.03402 17.10082 -16.94149 0.00000 0.65545 0.27032 0.00000
7.05445 17.23110 -16.88762 0.00000 0.65461 0.27139 0.00000
7.07487 17.36119 -16.83355 0.00000 0.65378 0.27245 0.00000
7.09529 17.49110 -16.77927 0.00000 0.65296 0.27349 0.00000
7.11571 17.62082 -16.72480 0.00000 0.65215 0.27453 0.00000
7.13612 17.75036 -16.67014 0.00000 0.65135 0.27556 0.00000
7.15653 17.87971 -16.61528 0.00000 0.65056 0.27657 0.00000
7.17693 18.00888 -16.56023 0.00000 0.64978 0.27758 0.00000
7.19733 18.13787 -16.50500 0.00000 0.64901 0.27857 0.00000
7.21772 18.26667 -16.44958 0.00000 0.64824 0.27956 0.00000
7.23811 18.39529 -16.39399 0.00000 0.64749 0.28053 0.00000
7.25849 18.52373 -16.33821 0.00000 0.64674 0.28149 0.00000
7.27887 18.65199 -16.28226 0.00000 0.64601 0.28245 0.00000
7.29925 18.78008 -16.22613 0.00000 0.64528 0.28339 0.00000
7.31961 18.90798 -16.16984 0.00000 0.64457 0.28433 0.00000
7.33998 19.03571 -16.11337 0.00000 0.64386 0.28525 0.00000
7.36033 19.16326 -16.05674 0.00000 0.64316 0.28616 0.00000
7.38068 19.29063 -15.99995 0.00000 0.64247 0.28707 0.00000
7.40102 19.41783 -15.94299 0.00000 0.64179 0.28797 0.00000
7.42136 19.54486 -15.88588 0.00000 0.64112 0.28885 0.00000
7.44169 19.67171 -15.82861 0.00000 0.64046 0.28973 0.00000
7.46202 19.79840 -15.77119 0.00000 0.63981 0.29060 0.00000
7.48233 19.92491 -15.71361 0.00000 0.63916 0.29146 0.00000
7.50264 20.05125 -15.65589 0.00000 0.63853 0.29231 0.00000
7.52295 20.17742 -15.59802 0.00000 0.63790 0.29315 0.00000
7.54324 20.30342 -15.54000 0.00000 0.63729 0.29398 0.00000
7.56353 20.42925 -15.48184 0.00000 0.63668 0.29481 0.00000
7.58381 20.55492 -15.42355 0.00000 0.63608 0.29562 0.00000
7.60408 20.68043 -15.36511 0.00000 0.63549 0.29643 0.00000
7.62435 20.80576 -15.30654 0.00000 0.63491 0.29723 0.00000
7.64460 20.93094 -15.24783 0.00000 0.63434 0.29802 0.00000
7.66485 21.05595 -15.18900 0.00000 0.63377 0.29881 0.00000
7.68509 21.18081 -15.13003 0.00000 0.63322 0.29958 0.00000
7.70532 21.30550 -15.07093 0.00000 0.63267 0.30035 0.00000
7.72555 21.43003 -15.01171 0.00000 0.63213 0.30111 0.00000
7.74576 21.55441 -14.95237 0.00000 0.63161 0.30186 0.00000
7.76597 21.67862 -14.89291 0.00000 0.63108 0.30261 0.00000
7.78616 21.80269 -14.83332 0.00000 0.63057 0.30334 0.00000
7.80635 21.92659 -14.77362 0.00000 0.63007 0.30407 0.00000
7.82653 22.05035 -14.71380 0.00000 0.62957 0.30480 0.00000
7.84670 22.17395 -14.65387 0.00000 0.62909 0.30551 0.00000
7.86686 22.29740 -14.59382 0.00000 0.62861 0.30622 0.00000
7.88701 22.42069 -14.53367 0.00000 0.62814 0.30692 0.00000
7.90715 22.54384 -14.47341 0.00000 0.62768 0.30761 0.00000
7.92729 22.66684 -14.41304 0.00000 0.62722 0.30830 0.00000
7.94741 22.78969 -14.35256 0.00000 0.62677 0.30898 0.00000
7.96752 22.91240 -14.29198 0.00000 0.62634 0.30966 0.00000
7.98762 23.03496 -14.23131 0.00000 0.62591 0.31032 0.00000
8.00772 23.15738 -14.17053 0.00000 0.62548 0.31098 0.00000
8.02780 23.27965 -14.10965 0.00000 0.62507 0.31164 0.00000
8.04787 23.40178 -14.04867 0.00000 0.62466 0.31229 0.00000
8.06794 23.52377 -13.98761 0.00000 0.62426 0.31293 0.00000
8.08799 23.64562 -13.92644 0.00000 0.62387 0.31356 0.00000
8.10803 23.76734 -13.86519 0.00000 0.62349 0.31419 0.00000
8.12806 23.88891 -13.80384 0.00000 0.62311 0.31482 0.00000
8.14808 24.01035 -13.74241 0.00000 0.62274 0.31543 0.00000
8.16809 24.13165 -13.68089 0.00000 0.62238 0.31605 0.00000
8.18809 24.25282 -13.61928 0.00000 0.62202 0.31665 0.00000
8.20808 24.37386 -13.55759 0.00000 0.62168 0.31725 0.00000
8.22806 24.49476 -13.49582 0.00000 0.62134 0.31785 0.00000
8.24803 24.61553 -13.43396 0.00000 0.62100 0.31843 0.00000
8.26798 24.73618 -13.37203 0.00000 0.62068 0.31902 0.00000
8.28793 24.85669 -13.31001 0.00000 0.62036 0.31960 0.00000
8.30786 24.97708 -13.24792 0.00000 0.62005 0.32017 0.00000
8.32779 25.09733 -13.18575 0.00000 0.61974 0.32074 0.00000
8.34770 25.21747 -13.12351 0.00000 0.61944 0.32130 0.00000
8.36760 25.33748 -13.06120 0.00000 0.61915 0.32186 0.00000
8.38749 25.45736 -12.99881 0.00000 0.61887 0.32241 0.00000
8.40737 25.57713 -12.93635 0.00000 0.61859 0.32295 0.00000
8.42723 25.69677 -12.87382 0.00000 0.61832 0.32350 0.00000
8.44709 25.81629 -12.81122 0.00000 0.61805 0.32403 0.00000
8.46694 25.93569 -12.74855 0.00000 0.61779 0.32457 0.00000
8.48677 26.05497 -12.68582 0.00000 0.61754 0.32509 0.00000
8.50659 26.17414 -12.62303 0.00000 0.61729 0.32562 0.00000
8.52640 26.29319 -12.56017 0.00000 0.61705 0.32614 0.00000
8.54620 26.41213 -12.49724 0.00000 0.61682 0.32665 0.00000
8.56599 26.53095 -12.43426 0.00000 0.61659 0.32716 0.00000
8.58576 26.64966 -12.37121 0.00000 0.61637 0.32766 0.00000
8.60552 26.76825 -12.30811 0.00000 0.61615 0.32816 0.00000
8.62528 26.88674 -12.24494 0.00000 0.61594 0.32866 0.00000
8.64502 27.00511 -12.18172 0.00000 0.61574 0.32915 0.00000
8.66475 27.12338 -12.11844 0.00000 0.61554 0.32964 0.00000
8.68446 27.24154 -12.05511 0.00000 0.61535 0.33012 0.00000
8.70417 27.35959 -11.99172 0.00000 0.61516 0.33060 0.00000
8.72386 27.47753 -11.92828 0.00000 0.61498 0.33108 0.00000
8.74354 27.59537 -11.86479 0.00000 0.61481 0.33155 0.00000
8.76321 27.71311 -11.80124 0.00000 0.61464 0.33202 0.00000
8.78287 27.83074 -11.73764 0.00000 0.61447 0.33248 0.00000
8.80251 27.94828 -11.67400 0.00000 0.61431 0.33294 0.00000
8.82215 28.06571 -11.61030 0.00000 0.61416 0.33340 0.00000
8.84177 28.18304 -11.54656 0.00000 0.61401 0.33385 0.00000
8.86138 28.30027 -11.48276 0.00000 0.61387 0.33430 0.00000
8.88098 28.41740 -11.41893 0.00000 0.61373 0.33474 0.00000
8.90057 28.53444 -11.35504 0.00000 0.61360 0.33518 0.00000
8.92014 28.65138 -11.29112 0.00000 0.61347 0.33562 0.00000
8.93970 28.76822 -11.22714 0.00000 0.61334 0.33606 0.00000
8.95925 28.88497 -11.16313 0.00000 0.61322 0.33649 0.00000
8.97879 29.00162 -11.09907 0.00000 0.61311 0.33691 0.00000
8.99832 29.11819 -11.03497 0.00000 0.61300 0.33734 0.00000
9.01783 29.23466 -10.97083 0.00000 0.61290 0.33776 0.00000
9.03733 29.35104 -10.90665 0.00000 0.61280 0.33818 0.00000
9.05682 29.46733 -10.84243 0.00000 0.61270 0.33859 0.00000
9.07630 29.58353 -10.77817 0.00000 0.61261 0.33900 0.00000
9.09577 29.69965 -10.71388 0.00000 0.61253 0.33941 0.00000
9.11522 29.81567 -10.64954 0.00000 0.61245 0.33981 0.00000
9.13467 29.93161 -10.58517 0.00000 0.61237 0.34021 0.00000
9.15410 30.04747 -10.52076 0.00000 0.61230 0.34061 0.00000
9.17352 30.16324 -10.45632 0.00000 0.61223 0.34101 0.00000
9.19292 30.27892 -10.39184 0.00000 0.61216 0.34140 0.00000
9.21232 30.39452 -10.32733 0.00000 0.61210 0.34179 0.00000
9.23170 30.51004 -10.26279 0.00000 0.61205 0.34218 0.00000
9.25107 30.62548 -10.19821 0.00000 0.61199 0.34256 0.00000
9.27043 30.74084 -10.13360 0.00000 0.61195 0.34294 0.00000
9.28978 30.85612 -10.06896 0.00000 0.61190 0.34332 0.00000
9.30911 30.97132 -10.00429 0.00000 0.61186 0.34369 0.00000
9.32844 31.08644 -9.93959 0.00000 0.61183 0.34407 0.00000
9.34775 31.20149 -9.87485 0.00000 0.61179 0.34444 0.00000
9.36705 31.31646 -9.81009 0.00000 0.61176 0.34480 0.00000
9.38633 31.43135 -9.74530 0.00000 0.61174 0.34517 0.00000
9.40561 31.54617 -9.68048 0.00000 0.61172 0.34553 0.00000
9.42487 31.66091 -9.61563 0.00000 0.61170 0.34589 0.00000
9.44413 31.77559 -9.55076 0.00000 0.61169 0.34624 0.00000
9.46337 31.89018 -9.48585 0.00000 0.61168 0.34660 0.00000
9.48260 32.00471 -9.42092 0.00000 0.61167 0.34695 0.00000
9.50181 32.11917 -9.35597 0.00000 0.61166 0.34730 0.00000
9.52102 32.23355 -9.29099 0.00000 0.61166 0.34764 0.00000
9.54021 32.34787 -9.22599 0.00000 0.61167 0.34799 0.00000
9.55939 32.46211 -9.16096 0.00000 0.61167 0.34833 0.00000
9.57856 32.57629 -9.09590 0.00000 0.61168 0.34867 0.00000
9.59772 32.69041 -9.03083 0.00000 0.61169 0.34901 0.00000
9.61687 32.80445 -8.96573 0.00000 0.61171 0.34934 0.00000
9.63600 32.91843 -8.90060 0.00000 0.61173 0.34967 0.00000
9.65513 33.03234 -8.83546 0.00000 0.61175 0.35000 0.00000
9.67424 33.14619 -8.77029 0.00000 0.61177 0.35033 0.00000
9.69334 33.25998 -8.70510 0.00000 0.61180 0.35066 0.00000
9.71243 33.37370 -8.63990 0.00000 0.61183 0.35098 0.00000
9.73151 33.48736 -8.57467 0.00000 0.61187 0.35130 0.00000
9.75057 33.60096 -8.50941 0.00000 0.61190 0.35162 0.00000
9.76963 33.71450 -8.44414 0.00000 0.61194 0.35194 0.00000
9.78867 33.82798 -8.37885 0.00000 0.61198 0.35225 0.00000
9.80771 33.94140 -8.31355 0.00000 0.61203 0.35257 0.00000
9.82673 34.05476 -8.24822 0.00000 0.61208 0.35288 0.00000
9.84574 34.16806 -8.18287 0.00000 0.61213 0.35318 0.00000
9.86473 34.28130 -8.11751 0.00000 0.61218 0.35349 0.00000
9.88372 34.39449 -8.05212 0.00000 0.61223 0.35380 0.00000
9.90270 34.50762 -7.98672 0.00000 0.61229 0.35410 0.00000
9.92166 34.62069 -7.92131 0.00000 0.61235 0.35440 0.00000
9.94062 34.73371 -7.85587 0.00000 0.61241 0.35470 0.00000
9.95956 34.84667 -7.79042 0.00000 0.61248 0.35499 0.00000
9.97849 34.95958 -7.72496 0.00000 0.61255 0.35529 0.00000
9.99741 35.07244 -7.65947 0.00000 0.61262 0.35558 0.00000
10.01632 35.18524 -7.59397 0.00000 0.61269 0.35587 0.00000
10.03522 35.29800 -7.52846 0.00000 0.61276 0.35616 0.00000
10.05410 35.41070 -7.46293 0.00000 0.61284 0.35645 0.00000
10.07298 35.52335 -7.39739 0.00000 0.61292 0.35673 0.00000
10.09185 35.63595 -7.33183 0.00000 0.61300 0.35702 0.00000
10.11070 35.74850 -7.26626 0.00000 0.61308 0.35730 0.00000
10.12954 35.86100 -7.20067 0.00000 0.61317 0.35758 0.00000
10.14838 35.97345 -7.13507 0.00000 0.61325 0.35786 0.00000
10.16720 36.08586 -7.06946 0.00000 0.61334 0.35813 0.00000
10.18601 36.19821 -7.00383 0.00000 0.61343 0.35841 0.00000
10.20481 36.31052 -6.93820 0.00000 0.61353 0.35868 0.00000
10.22360 36.42279 -6.87254 0.00000 0.61362 0.35895 0.00000
10.24238 36.53501 -6.80688 0.00000 0.61372 0.35922 0.00000
10.26115 36.64718 -6.74120 0.00000 0.61382 0.35949 0.00000
10.27991 36.75931 -6.67552 0.00000 0.61392 0.35976 0.00000
10.29866 36.87139 -6.60982 0.00000 0.61402 0.36002 0.00000
10.31740 36.98343 -6.54410 0.00000 0.61413 0.36028 0.00000
10.33612 37.09543 -6.47838 0.00000 0.61423 0.36054 0.00000
10.35484 37.20739 -6.41265 0.00000 0.61434 0.36080 0.00000
10.37355 37.31930 -6.34690 0.00000 0.61445 0.36106 0.00000
10.39224 37.43117 -6.28115 0.00000 0.61456 0.36132 0.00000
10.41093 37.54300 -6.21538 0.00000 0.61468 0.36157 0.00000
10.42961 37.65479 -6.14961 0.00000 0.61479 0.36183 0.00000
10.44827 37.76655 -6.08382 0.00000 0.61491 0.36208 0.00000
10.46693 37.87826 -6.01803 0.00000 0.61503 0.36233 0.00000
10.48557 37.98993 -5.95222 0.00000 0.61515 0.36258 0.00000
10.50421 38.10156 -5.88641 0.00000 0.61527 0.36282 0.00000
10.52283 38.21316 -5.82058 0.00000 0.61539 0.36307 0.00000
10.54145 38.32472 -5.75475 0.00000 0.61551 0.36331 0.00000
10.56005 38.43624 -5.68891 0.00000 0.61564 0.36355 0.00000
10.57865 38.54773 -5.62306 0.00000 0.61577 0.36379 0.00000
10.59724 38.65918 -5.55720 0.00000 0.61590 0.36403 0.00000
10.61581 38.77059 -5.49133 0.00000 0.61603 0.36427 0.00000
10.63438 38.88197 -5.42545 0.00000 0.61616 0.36451 0.00000
10.65293 38.99332 -5.35957 0.00000 0.61629 0.36474 0.00000
10.67148 39.10463 -5.29368 0.00000 0.61642 0.36498 0.00000
10.69002 39.21590 -5.22778 0.00000 0.61656 0.36521 0.00000
10.70855 39.32715 -5.16187 0.00000 0.61669 0.36544 0.00000
10.72706 39.43836 -5.09596 0.00000 0.61683 0.36567 0.00000
10.74557 39.54954 -5.03004 0.00000 0.61697 0.36589 0.00000
10.76407 39.66069 -4.96411 0.00000 0.61711 0.36612 0.00000
10.78256 39.77180 -4.89817 0.00000 0.61725 0.36634 0.00000
10.80104 39.88289 -4.83223 0.00000 0.61740 0.36657 0.00000
10.81951 39.99394 -4.76628 0.00000 0.61754 0.36679 0.00000
10.83797 40.10497 -4.70032 0.00000 0.61768 0.36701 0.00000
10.85642 40.21596 -4.63436 0.00000 0.61783 0.36723 0.00000
10.87487 40.32693 -4.56839 0.00000 0.61798 0.36745 0.00000
10.89330 40.43787 -4.50242 0.00000 0.61813 0.36766 0.00000
10.91173 40.54877 -4.43644 0.00000 0.61827 0.36788 0.00000
10.93014 40.65966 -4.37045 0.00000 0.61843 0.36809 0.00000
10.94855 40.77051 -4.30446 0.00000 0.61858 0.36830 0.00000
10.96695 40.88134 -4.23846 0.00000 0.61873 0.36851 0.00000
10.98533 40.99214 -4.17246 0.00000 0.61888 0.36872 0.00000
11.00371 41.10291 -4.10645 0.00000 0.61904 0.36893 0.00000
11.02208 41.21366 -4.04044 0.00000 0.61919 0.36914 0.00000
11.04045 41.32438 -3.97442 0.00000 0.61935 0.36934 0.00000
11.05880 41.43508 -3.90840 0.00000 0.61950 0.36955 0.00000
11.07714 41.54575 -3.84237 0.00000 0.61966 0.36975 0.00000
11.09548 41.65640 -3.77633 0.00000 0.61982 0.36995 0.00000
11.11381 41.76703 -3.71029 0.00000 0.61998 0.37015 0.00000
11.13213 41.87763 -3.64425 0.00000 0.62014 0.37035 0.00000
11.15044 41.98821 -3.57820 0.00000 0.62030 0.37055 0.00000
11.16874 42.09876 -3.51215 0.00000 0.62047 0.37075 0.00000
11.18703 42.20930 -3.44610 0.00000 0.62063 0.37094 0.00000
11.20531 42.31981 -3.38004 0.00000 0.62079 0.37113 0.00000
11.22359 42.43030 -3.31397 0.00000 0.62096 0.37133 0.00000
11.24186 42.54077 -3.24791 0.00000 0.62112 0.37152 0.00000
11.26012 42.65122 -3.18183 0.00000 0.62129 0.37171 0.00000
11.27837 42.76165 -3.11576 0.00000 0.62146 0.37190 0.00000
11.29661 42.87206 -3.04968 0.00000 0.62162 0.37208 0.00000
11.31485 42.98244 -2.98360 0.00000 0.62179 0.37227 0.00000
11.33307 43.09281 -2.91751 0.00000 0.62196 0.37245 0.00000
11.35129 43.20317 -2.85142 0.00000 0.62213 0.37264 0.00000
11.36950 43.31350 -2.78533 0.00000 0.62230 0.37282 0.00000
11.38770 43.42381 -2.71923 0.00000 0.62247 0.37300 0.00000
11.40590 43.53411 -2.65313 0.00000 0.62265 0.37318 0.00000
11.42409 43.64439 -2.58703 0.00000 0.62282 0.37336 0.00000
11.44227 43.75465 -2.52093 0.00000 0.62299 0.37353 0.00000
11.46044 43.86490 -2.45482 0.00000 0.62317 0.37371 0.00000
11.47860 43.97513 -2.38871 0.00000 0.62334 0.37388 0.00000
11.49676 44.08534 -2.32259 0.00000 0.62351 0.37406 0.00000
11.51490 44.19554 -2.25648 0.00000 0.62369 0.37423 0.00000
11.53304 44.30572 -2.19036 0.00000 0.62387 0.37440 0.00000
11.55118 44.41589 -2.12424 0.00000 0.62404 0.37457 0.00000
11.56930 44.52605 -2.05812 0.00000 0.62422 0.37474 0.00000
11.58742 44.63619 -1.99199 0.00000 0.62440 0.37490 0.00000
11.60553 44.74631 -1.92586 0.00000 0.62458 0.37507 0.00000
11.62363 44.85642 -1.85973 0.00000 0.62476 0.37523 0.00000
11.64173 44.96652 -1.79360 0.00000 0.62493 0.37540 0.00000
11.65982 45.07661 -1.72747 0.00000 0.62511 0.37556 0.00000
11.67790 45.18668 -1.66133 0.00000 0.62530 0.37572 0.00000
11.69597 45.29675 -1.59520 0.00000 0.62548 0.37588 0.00000
11.71404 45.40680 -1.52906 0.00000 0.62566 0.37604 0.00000
11.73210 45.51683 -1.46292 0.00000 0.62584 0.37619 0.00000
11.75015 45.62686 -1.39678 0.00000 0.62602 0.37635 0.00000
11.76820 45.73688 -1.33063 0.00000 0.62620 0.37650 0.00000
11.78623 45.84688 -1.26449 0.00000 0.62639 0.37666 0.00000
11.80427 45.95688 -1.19834 0.00000 0.62657 0.37681 0.00000
11.82229 46.06687 -1.13219 0.00000 0.62676 0.37696 0.00000
11.84031 46.17685 -1.06605 0.00000 0.62694 0.37711 0.00000
11.85832 46.28681 -0.99990 0.00000 0.62713 0.37726 0.00000
11.87632 46.39677 -0.93374 0.00000 0.62731 0.37740 0.00000
11.89432 46.50672 -0.86759 0.00000 0.62750 0.37755 0.00000
11.91231 46.61667 -0.80144 0.00000 0.62768 0.37769 0.00000
11.93030 46.72660 -0.73529 0.00000 0.62787 0.37784 0.00000
11.94827 46.83653 -0.66913 0.00000 0.62806 0.37798 0.00000
11.96625 46.94645 -0.60298 0.00000 0.62824 0.37812 0.00000
11.98421 47.05636 -0.53682 0.00000 0.62843 0.37826 0.00000
12.00217 47.16627 -0.47067 0.00000 0.62862 0.37839 0.00000
12.02012 47.27617 -0.40451 0.00000 0.62881 0.37853 0.00000
12.03807 47.38607 -0.33835 0.00000 0.62900 0.37867 0.00000
12.05601 47.49596 -0.27219 0.00000 0.62919 0.37880 0.00000
12.07394 47.60584 -0.20604 0.00000 0.62938 0.37893 0.00000
12.09187 47.71572 -0.13988 0.00000 0.62957 0.37906 0.00000
12.10979 47.82560 -0.07372 0.00000 0.62976 0.37920 0.00000
12.12770 47.93547 -0.00756 0.00000 0.62995 0.37932 0.00000
12.14561 48.04534 0.05860 0.00000 0.63014 0.37945 0.00000
12.16351 48.15520 0.12475 0.00000 0.63033 0.37958 0.00000
12.18141 48.26506 0.19091 0.00000 0.63052 0.37970 0.00000
12.19930 48.37492 0.25707 0.00000 0.63071 0.37983 0.00000
12.21718 48.48477 0.32323 0.00000 0.63090 0.37995 0.00000
12.23506 48.59463 0.38938 0.00000 0.63109 0.38007 0.00000
12.25294 48.70448 0.45554 0.00000 0.63129 0.38019 0.00000
12.27080 48.81433 0.52170 0.00000 0.63148 0.38031 0.00000
12.28867 48.92417 0.58785 0.00000 0.63167 0.38043 0.00000
12.30652 49.03402 0.65401 0.00000 0.63187 0.38054 0.00000
12.32437 49.14387 0.72016 0.00000 0.63206 0.38066 0.00000
12.34222 49.25371 0.78632 0.00000 0.63225 0.38077 0.00000
12.36006 49.36356 0.85247 0.00000 0.63245 0.38088 0.00000
12.37789 49.47340 0.91862 0.00000 0.63264 0.38099 0.00000
12.39572 49.58325 0.98477 0.00000 0.63284 0.38110 0.00000
12.41354 49.69310 1.05092 0.00000 0.63303 0.38121 0.00000
12.43136 49.80294 1.11707 0.00000 0.63323 0.38131 0.00000
12.44918 49.91279 1.18322 0.00000 0.63342 0.38142 0.00000
12.46698 50.02265 1.24936 0.00000 0.63362 0.38152 0.00000
12.48479 50.13250 1.31551 0.00000 0.63381 0.38162 0.00000
12.50258 50.24236 1.38165 0.00000 0.63401 0.38173 0.00000
12.52038 50.35222 1.44780 0.00000 0.63421 0.38183 0.00000
12.53816 50.46208 1.51394 0.00000 0.63440 0.38192 0.00000
12.55595 50.57194 1.58008 0.00000 0.63460 0.38202 0.00000
12.57372 50.68181 1.64621 0.00000 0.63480 0.38212 0.00000
12.59150 50.79169 1.71235 0.00000 0.63500 0.38221 0.00000
12.60926 50.90156 1.77848 0.00000 0.63519 0.38230 0.00000
12.62703 51.01145 1.84462 0.00000 0.63539 0.38239 0.00000
12.64478 51.12133 1.91075 0.00000 0.63559 0.38248 0.00000
12.66254 51.23123 1.97687 0.00000 0.63579 0.38257 0.00000
12.68029 51.34112 2.04300 0.00000 0.63599 0.38266 0.00000
12.69803 51.45103 2.10913 0.00000 0.63618 0.38274 0.00000
12.71577 51.56094 2.17525 0.00000 0.63638 0.38283 0.00000
12.73351 51.67086 2.24137 0.00000 0.63658 0.38291 0.00000
12.75124 51.78078 2.30748 0.00000 0.63678 0.38299 0.00000
12.76896 51.89071 2.37360 0.00000 0.63698 0.38307 0.00000
12.78669 52.00065 2.43971 0.00000 0.63718 0.38315 0.00000
12.80440 52.11060 2.50582 0.00000 0.63738 0.38322 0.00000
12.82212 52.22055 2.57192 0.00000 0.63758 0.38330 0.00000
12.83983 52.33052 2.63803 0.00000 0.63778 0.38337 0.00000
12.85753 52.44049 2.70413 0.00000 0.63798 0.38344 0.00000
12.87524 52.55047 2.77023 0.00000 0.63818 0.38351 0.00000
12.89293 52.66046 2.83632 0.00000 0.63838 0.38358 0.00000
12.91063 52.77047 2.90241 0.00000 0.63858 0.38365 0.00000
12.92832 52.88048 2.96850 0.00000 0.63878 0.38371 0.00000
12.94600 52.99050 3.03459 0.00000 0.63899 0.38378 0.00000
12.96368 53.10053 3.10067 0.00000 0.63919 0.38384 0.00000
12.98136 53.21058 3.16675 0.00000 0.63939 0.38390 0.00000
12.99903 53.32063 3.23282 0.00000 0.63959 0.38396 0.00000
13.01671 53.43070 3.29889 0.00000 0.63979 0.38402 0.00000
13.03437 53.54078 3.36496 0.00000 0.64000 0.38408 0.00000
13.05204 53.65087 3.43102 0.00000 0.64020 0.38413 0.00000
13.06970 53.76098 3.49708 0.00000 0.64040 0.38418 0.00000
13.08735 53.87110 3.56313 0.00000 0.64060 0.38423 0.00000
13.10500 53.98123 3.62918 0.00000 0.64081 0.38428 0.00000
13.12265 54.09137 3.69523 0.00000 0.64101 0.38433 0.00000
13.14030 54.20153 3.76127 0.00000 0.64121 0.38438 0.00000
13.15794 54.31171 3.82731 0.00000 0.64142 0.38442 0.00000
13.17558 54.42190 3.89334 0.00000 0.64162 0.38446 0.00000
13.19322 54.53210 3.95937 0.00000 0.64183 0.38451 0.00000
13.21085 54.64232 4.02540 0.00000 0.64203 0.38454 0.00000
13.22848 54.75256 4.09141 0.00000 0.64223 0.38458 0.00000
13.24611 54.86281 4.15743 0.00000 0.64244 0.38462 0.00000
13.26374 54.97308 4.22344 0.00000 0.64264 0.38465 0.00000
13.28136 55.08336 4.28944 0.00000 0.64285 0.38468 0.00000
13.29898 55.19367 4.35544 0.00000 0.64305 0.38471 0.00000
13.31659 55.30399 4.42143 0.00000 0.64326 0.38474 0.00000
13.33420 55.41433 4.48742 0.00000 0.64347 0.38477 0.00000
13.35181 55.52469 4.55340 0.00000 0.64367 0.38479 0.00000
13.36942 55.63506 4.61938 0.00000 0.64388 0.38482 0.00000
13.38703 55.74546 4.68535 0.00000 0.64408 0.38484 0.00000
13.40463 55.85587 4.75131 0.00000 0.64429 0.38486 0.00000
13.42223 55.96631 4.81727 0.00000 0.64450 0.38488 0.00000
13.43983 56.07676 4.88322 0.00000 0.64470 0.38489 0.00000
13.45742 56.18724 4.94916 0.00000 0.64491 0.38490 0.00000
13.47502 56.29774 5.01510 0.00000 0.64512 0.38492 0.00000
13.49261 56.40825 5.08103 0.00000 0.64533 0.38493 0.00000
13.51020 56.51879 5.14696 0.00000 0.64553 0.38493 0.00000
13.52778 56.62936 5.21288 0.00000 0.64574 0.38494 0.00000
13.54537 56.73994 5.27879 0.00000 0.64595 0.38494 0.00000
13.56295 56.85055 5.34469 0.00000 0.64616 0.38494 0.00000
13.58053 56.96118 5.41059 0.00000 0.64637 0.38494 0.00000
13.59811 57.07183 5.47648 0.00000 0.64658 0.38494 0.00000
13.61568 57.18251 5.54236 0.00000 0.64679 0.38494 0.00000
13.63326 57.29321 5.60823 0.00000 0.64700 0.38493 0.00000
13.65083 57.40394 5.67410 0.00000 0.64721 0.38492 0.00000
13.66840 57.51469 5.73996 0.00000 0.64741 0.38491 0.00000
13.68597 57.62547 5.80581 0.00000 0.64762 0.38490 0.00000
13.70354 57.73627 5.87165 0.00000 0.64784 0.38488 0.00000
13.72111 57.84710 5.93748 0.00000 0.64805 0.38487 0.00000
13.73867 57.95796 6.00331 0.00000 0.64826 0.38485 0.00000
13.75624 58.06885 6.06912 0.00000 0.64847 0.38483 0.00000
13.77380 58.17976 6.13493 0.00000 0.64868 0.38480 0.00000
13.79136 58.29070 6.20073 0.00000 0.64889 0.38477 0.00000
13.80892 58.40166 6.26651 0.00000 0.64910 0.38475 0.00000
13.82648 58.51266 6.33229 0.00000 0.64931 0.38472 0.00000
13.84403 58.62369 6.39806 0.00000 0.64953 0.38468 0.00000
13.86159 58.73474 6.46382 0.00000 0.64974 0.38465 0.00000
13.87915 58.84583 6.52957 0.00000 0.64995 0.38461 0.00000
13.89670 58.95694 6.59531 0.00000 0.65016 0.38457 0.00000
13.91425 59.06809 6.66104 0.00000 0.65038 0.38453 0.00000
13.93181 59.17927 6.72675 0.00000 0.65059 0.38448 0.00000
13.94936 59.29048 6.79246 0.00000 0.65081 0.38443 0.00000
13.96691 59.40172 6.85816 0.00000 0.65102 0.38438 0.00000
13.98446 59.51300 6.92384 0.00000 0.65123 0.38433 0.00000
14.00201 59.62430 6.98952 0.00000 0.65145 0.38428 0.00000
14.01956 59.73565 7.05518 0.00000 0.65166 0.38422 0.00000
14.03711 59.84702 7.12083 0.00000 0.65188 0.38416 0.00000
14.05466 59.95843 7.18647 0.00000 0.65209 0.38410 0.00000
14.07221 60.06987 7.25209 0.00000 0.65231 0.38403 0.00000
14.08975 60.18135 7.31771 0.00000 0.65253 0.38396 0.00000
14.10730 60.29287 7.38331 0.00000 0.65274 0.38389 0.00000
14.12485 60.40442 7.44890 0.00000 0.65296 0.38382 0.00000
14.14240 60.51601 7.51447 0.00000 0.65318 0.38374 0.00000
14.15995 60.62763 7.58004 0.00000 0.65339 0.38366 0.00000
14.17749 60.73930 7.64558 0.00000 0.65361 0.38358 0.00000
14.19504 60.85100 7.71112 0.00000 0.65383 0.38350 0.00000
14.21259 60.96273 7.77664 0.00000 0.65405 0.38341 0.00000
14.23014 61.07451 7.84215 0.00000 0.65427 0.38332 0.00000
14.24769 61.18633 7.90764 0.00000 0.65449 0.38323 0.00000
14.26524 61.29819 7.97312 0.00000 0.65471 0.38313 0.00000
14.28278 61.41009 8.03858 0.00000 0.65493 0.38303 0.00000
14.30033 61.52202 8.10403 0.00000 0.65515 0.38293 0.00000
14.31789 61.63400 8.16946 0.00000 0.65537 0.38283 0.00000
14.33544 61.74603 8.23488 0.00000 0.65559 0.38272 0.00000
14.35299 61.85809 8.30028 0.00000 0.65581 0.38261 0.00000
14.37054 61.97020 8.36566 0.00000 0.65603 0.38249 0.00000
14.38809 62.08235 8.43103 0.00000 0.65625 0.38238 0.00000
14.40565 62.19454 8.49638 0.00000 0.65647 0.38226 0.00000
14.42321 62.30678 8.56171 0.00000 0.65670 0.38213 0.00000
14.44076 62.41906 8.62703 0.00000 0.65692 0.38201 0.00000
14.45832 62.53139 8.69233 0.00000 0.65714 0.38188 0.00000
14.47588 62.64377 8.75761 0.00000 0.65736 0.38174 0.00000
14.49344 62.75619 8.82287 0.00000 0.65759 0.38161 0.00000
14.51100 62.86866 8.88812 0.00000 0.65781 0.38147 0.00000
14.52856 62.98117 8.95334 0.00000 0.65804 0.38133 0.00000
14.54613 63.09373 9.01855 0.00000 0.65826 0.38118 0.00000
14.56369 63.20635 9.08373 0.00000 0.65849 0.38103 0.00000
14.58126 63.31901 9.14890 0.00000 0.65871 0.38088 0.00000
14.59883 63.43172 9.21404 0.00000 0.65894 0.38072 0.00000
14.61640 63.54448 9.27917 0.00000 0.65917 0.38056 0.00000
14.63397 63.65729 9.34427 0.00000 0.65939 0.38039 0.00000
14.65155 63.77016 9.40936 0.00000 0.65962 0.38023 0.00000
14.66913 63.88307 9.47442 0.00000 0.65985 0.38005 0.00000
14.68671 63.99604 9.53946 0.00000 0.66008 0.37988 0.00000
14.70429 64.10906 9.60448 0.00000 0.66031 0.37970 0.00000
14.72187 64.22213 9.66947 0.00000 0.66054 0.37952 0.00000
14.73946 64.33526 9.73444 0.00000 0.66077 0.37933 0.00000
14.75704 64.44844 9.79939 0.00000 0.66100 0.37914 0.00000
14.77463 64.56168 9.86432 0.00000 0.66123 0.37895 0.00000
14.79223 64.67498 9.92922 0.00000 0.66146 0.37875 0.00000
14.80982 64.78833 9.99409 0.00000 0.66169 0.37855 0.00000
14.82742 64.90173 10.05894 0.00000 0.66192 0.37834 0.00000
14.84502 65.01520 10.12377 0.00000 0.66215 0.37813 0.00000
14.86263 65.12872 10.18857 0.00000 0.66238 0.37792 0.00000
14.88023 65.24231 10.25334 0.00000 0.66262 0.37770 0.00000
14.89784 65.35595 10.31809 0.00000 0.66285 0.37747 0.00000
14.91546 65.46965 10.38281 0.00000 0.66309 0.37725 0.00000
14.93307 65.58341 10.44750 0.00000 0.66332 0.37702 0.00000
14.95069 65.69724 10.51216 0.00000 0.66355 0.37678 0.00000
14.96832 65.81112 10.57680 0.00000 0.66379 0.37654 0.00000
14.98594 65.92507 10.64140 0.00000 0.66403 0.37630 0.00000
15.00357 66.03908 10.70598 0.00000 0.66426 0.37605 0.00000
15.02121 66.15316 10.77052 0.00000 0.66450 0.37579 0.00000
15.03884 66.26730 10.83504 0.00000 0.66474 0.37554 0.00000
15.05648 66.38150 10.89953 0.00000 0.66497 0.37527 0.00000
15.07413 66.49578 10.96398 0.00000 0.66521 0.37501 0.00000
15.09178 66.61011 11.02840 0.00000 0.66545 0.37474 0.00000
15.10943 66.72452 11.09279 0.00000 0.66569 0.37446 0.00000
15.12709 66.83899 11.15715 0.00000 0.66593 0.37418 0.00000
15.14475 66.95353 11.22147 0.00000 0.66617 0.37389 0.00000
15.16241 67.06814 11.28576 0.00000 0.66641 0.37360 0.00000
15.18008 67.18282 11.35002 0.00000 0.66665 0.37331 0.00000
15.19776 67.29757 11.41424 0.00000 0.66689 0.37300 0.00000
15.21544 67.41239 11.47842 0.00000 0.66713 0.37270 0.00000
15.23312 67.52729 11.54257 0.00000 0.66738 0.37239 0.00000
15.25081 67.64225 11.60668 0.00000 0.66762 0.37207 0.00000
15.26850 67.75729 11.67075 0.00000 0.66786 0.37175 0.00000
15.28620 67.87240 11.73479 0.00000 0.66811 0.37142 0.00000
15.30390 67.98759 11.79878 0.00000 0.66835 0.37109 0.00000
15.32161 68.10286 11.86274 0.00000 0.66860 0.37075 0.00000
15.33932 68.21819 11.92666 0.00000 0.66884 0.37041 0.00000
15.35704 68.33361 11.99053 0.00000 0.66909 0.37006 0.00000
15.37476 68.44910 12.05437 0.00000 0.66933 0.36971 0.00000
15.39249 68.56467 12.11816 0.00000 0.66958 0.36935 0.00000
15.41023 68.68032 12.18192 0.00000 0.66983 0.36899 0.00000
15.42797 68.79605 12.24562 0.00000 0.67007 0.36862 0.00000
15.44572 68.91187 12.30929 0.00000 0.67032 0.36824 0.00000
15.46347 69.02776 12.37291 0.00000 0.67057 0.36786 0.00000
15.48123 69.14373 12.43648 0.00000 0.67082 0.36747 0.00000
15.49899 69.25979 12.50001 0.00000 0.67107 0.36708 0.00000
15.51676 69.37593 12.56349 0.00000 0.67132 0.36668 0.00000
15.53454 69.49215 12.62693 0.00000 0.67157 0.36627 0.00000
15.55232 69.60846 12.69032 0.00000 0.67182 0.36586 0.00000
15.57011 69.72485 12.75365 0.00000 0.67207 0.36544 0.00000
15.58790 69.84133 12.81694 0.00000 0.67232 0.36502 0.00000
15.60571 69.95790 12.88018 0.00000 0.67258 0.36459 0.00000
15.62352 70.07455 12.94336 0.00000 0.67283 0.36415 0.00000
15.64133 70.19130 13.00650 0.00000 0.67308 0.36371 0.00000
15.65915 70.30813 13.06958 0.00000 0.67334 0.36326 0.00000
15.67698 70.42506 13.13261 0.00000 0.67359 0.36280 0.00000
15.69482 70.54207 13.19558 0.00000 0.67385 0.36234 0.00000
15.71267 70.65918 13.25850 0.00000 0.67410 0.36187 0.00000
15.73052 70.77638 13.32136 0.00000 0.67436 0.36139 0.00000
15.74838 70.89367 13.38417 0.00000 0.67461 0.36091 0.00000
15.76624 71.01106 13.44691 0.00000 0.67487 0.36042 0.00000
15.78412 71.12854 13.50960 0.00000 0.67513 0.35992 0.00000
15.80200 71.24612 13.57223 0.00000 0.67538 0.35942 0.00000
15.81989 71.36380 13.63480 0.00000 0.67564 0.35891 0.00000
15.83779 71.48157 13.69730 0.00000 0.67590 0.35839 0.00000
15.85570 71.59944 13.75974 0.00000 0.67616 0.35787 0.00000
15.87361 71.71741 13.82212 0.00000 0.67641 0.35734 0.00000
15.89153 71.83548 13.88444 0.00000 0.67667 0.35680 0.00000
15.90946 71.95365 13.94669 0.00000 0.67693 0.35625 0.00000
15.92740 72.07192 14.00887 0.00000 0.67719 0.35570 0.00000
15.94535 72.19030 14.07099 0.00000 0.67745 0.35514 0.00000
15.96331 72.30877 14.13304 0.00000 0.67771 0.35457 0.00000
15.98128 72.42735 14.19501 0.00000 0.67797 0.35399 0.00000
15.99925 72.54604 14.25692 0.00000 0.67823 0.35341 0.00000
16.01723 72.66483 14.31876 0.00000 0.67850 0.35282 0.00000
16.03523 72.78373 14.38052 0.00000 0.67876 0.35222 0.00000
16.05323 72.90274 14.44221 0.00000 0.67902 0.35161 0.00000
16.07124 73.02185 14.50382 0.00000 0.67928 0.35099 0.00000
16.08926 73.14108 14.56536 0.00000 0.67954 0.35037 0.00000
16.10729 73.26041 14.62682 0.00000 0.67981 0.34974 0.00000
16.12534 73.37986 14.68821 0.00000 0.68007 0.34910 0.00000
16.14339 73.49941 14.74951 0.00000 0.68033 0.34845 0.00000
16.16145 73.61908 14.81073 0.00000 0.68059 0.34780 0.00000
16.17952 73.73886 14.87187 0.00000 0.68086 0.34713 0.00000
16.19760 73.85876 14.93293 0.00000 0.68112 0.34646 0.00000
16.21569 73.97877 14.99390 0.00000 0.68138 0.34578 0.00000
16.23379 74.09890 15.05479 0.00000 0.68165 0.34509 0.00000
16.25191 74.21914 15.11559 0.00000 0.68191 0.34439 0.00000
16.27003 74.33950 15.17630 0.00000 0.68218 0.34368 0.00000
16.28816 74.45998 15.23693 0.00000 0.68244 0.34297 0.00000
16.30631 74.58058 15.29746 0.00000 0.68270 0.34224 0.00000
16.32446 74.70130 15.35790 0.00000 0.68297 0.34151 0.00000
16.34263 74.82214 15.41825 0.00000 0.68323 0.34077 0.00000
16.36081 74.94310 15.47850 0.00000 0.68350 0.34002 0.00000
16.37900 75.06419 15.53866 0.00000 0.68376 0.33926 0.00000
16.39720 75.18540 15.59872 0.00000 0.68403 0.33849 0.00000
16.41541 75.30673 15.65868 0.00000 0.68429 0.33771 0.00000
16.43364 75.42819 15.71854 0.00000 0.68455 0.33692 0.00000
16.45188 75.54977 15.77829 0.00000 0.68482 0.33612 0.00000
16.47012 75.67148 15.83795 0.00000 0.68508 0.33532 0.00000
16.48839 75.79332 15.89750 0.00000 0.68534 0.33450 0.00000
16.50666 75.91529 15.95694 0.00000 0.68561 0.33367 0.00000
16.52494 76.03738 16.01628 0.00000 0.68587 0.33284 0.00000
16.54324 76.15961 16.07551 0.00000 0.68613 0.33199 0.00000
16.56155 76.28197 16.13463 0.00000 0.68640 0.33114 0.00000
16.57988 76.40446 16.19363 0.00000 0.68666 0.33028 0.00000
16.59821 76.52708 16.25252 0.00000 0.68692 0.32940 0.00000
16.61656 76.64983 16.31130 0.00000 0.68718 0.32852 0.00000
16.63492 76.77272 16.36996 0.00000 0.68744 0.32762 0.00000
16.65330 76.89575 16.42850 0.00000 0.68770 0.32672 0.00000
16.67169 77.01891 16.48692 0.00000 0.68796 0.32581 0.00000
16.69009 77.14221 16.54521 0.00000 0.68822 0.32488 0.00000
16.70851 77.26564 16.60339 0.00000 0.68848 0.32395 0.00000
16.72693 77.38922 16.66144 0.00000 0.68874 0.32300 0.00000
16.74538 77.51293 16.71936 0.00000 0.68900 0.32205 0.00000
16.76383 77.63678 16.77715 0.00000 0.68926 0.32109 0.00000
16.78231 77.76078 16.83481 0.00000 0.68952 0.32011 0.00000
16.80079 77.88491 16.89235 0.00000 0.68977 0.31912 0.00000
16.81929 78.00919 16.94974 0.00000 0.69003 0.31813 0.00000
16.83781 78.13361 17.00700 0.00000 0.69028 0.31712 0.00000
16.85633 78.25817 17.06413 0.00000 0.69054 0.31610 0.00000
16.87488 78.38288 17.12111 0.00000 0.69079 0.31508 0.00000
16.89344 78.50773 17.17795 0.00000 0.69104 0.31404 0.00000
16.91201 78.63273 17.23465 0.00000 0.69129 0.31299 0.00000
16.93060 78.75787 17.29120 0.00000 0.69155 0.31193 0.00000
16.94920 78.88316 17.34761 0.00000 0.69180 0.31086 0.00000
16.96782 79.00860 17.40387 0.00000 0.69204 0.30978 0.00000
16.98645 79.13419 17.45998 0.00000 0.69229 0.30868 0.00000
17.00510 79.25993 17.51593 0.00000 0.69254 0.30758 0.00000
17.02377 79.38582 17.57173 0.00000 0.69278 0.30646 0.00000
17.04245 79.51186 17.62738 0.00000 0.69303 0.30534 0.00000
17.06114 79.63805 17.68286 0.00000 0.69327 0.30420 0.00000
17.07986 79.76439 17.73818 0.00000 0.69351 0.30306 0.00000
17.09858 79.89088 17.79335 0.00000 0.69375 0.30190 0.00000
17.11733 80.01753 17.84834 0.00000 0.69399 0.30073 0.00000
17.13609 80.14433 17.90317 0.00000 0.69423 0.29955 0.00000
17.15487 80.27129 17.95783 0.00000 0.69447 0.29835 0.00000
17.17366 80.39840 18.01232 0.00000 0.69470 0.29715 0.00000
17.19247 80.52566 18.06664 0.00000 0.69493 0.29593 0.00000
17.21130 80.65308 18.12078 0.00000 0.69517 0.29471 0.00000
17.23014 80.78066 18.17474 0.00000 0.69540 0.29347 0.00000
17.24900 80.90839 18.22852 0.00000 0.69562 0.29222 0.00000
17.26788 81.03629 18.28212 0.00000 0.69585 0.29096 0.00000
17.28678 81.16434 18.33554 0.00000 0.69607 0.28969 0.00000
17.30569 81.29255 18.38877 0.00000 0.69630 0.28841 0.00000
17.32462 81.42091 18.44182 0.00000 0.69652 0.28711 0.00000
17.34357 81.54944 18.49467 0.00000 0.69674 0.28581 0.00000
17.36253 81.67813 18.54733 0.00000 0.69695 0.28449 0.00000
17.38152 81.80697 18.59979 0.00000 0.69717 0.28316 0.00000
17.40052 81.93598 18.65206 0.00000 0.69738 0.28182 0.00000
17.41954 82.06515 18.70412 0.00000 0.69759 0.28047 0.00000
17.43857 82.19448 18.75599 0.00000 0.69780 0.27911 0.00000
17.45763 82.32397 18.80765 0.00000 0.69801 0.27774 0.00000
17.47670 82.45362 18.85910 0.00000 0.69821 0.27635 0.00000
17.49579 82.58343 18.91034 0.00000 0.69841 0.27496 0.00000
17.51490 82.71341 18.96138 0.00000 0.69861 0.27355 0.00000
17.53403 82.84355 19.01219 0.00000 0.69881 0.27213 0.00000
17.55318 82.97385 19.06280 0.00000 0.69900 0.27070 0.00000
17.57234 83.10432 19.11318 0.00000 0.69919 0.26926 0.00000
17.59153 83.23495 19.16334 0.00000 0.69938 0.26780 0.00000
17.61073 83.36574 19.21328 0.00000 0.69957 0.26634 0.00000
17.62995 83.49670 19.26299 0.00000 0.69975 0.26486 0.00000
17.64919 83.62782 19.31248 0.00000 0.69993 0.26338 0.00000
17.66845 83.75910 19.36173 0.00000 0.70011 0.26188 0.00000
17.68773 83.89055 19.41075 0.00000 0.70028 0.26037 0.00000
17.70703 84.02216 19.45954 0.00000 0.70045 0.25885 0.00000
17.72635 84.15394 19.50809 0.00000 0.70062 0.25732 0.00000
17.74569 84.28588 19.55639 0.00000 0.70078 0.25577 0.00000
17.76504 84.41798 19.60446 0.00000 0.70094 0.25422 0.00000
17.78442 84.55025 19.65227 0.00000 0.70110 0.25265 0.00000
17.80382 84.68268 19.69984 0.00000 0.70126 0.25108 0.00000
17.82323 84.81527 19.74716 0.00000 0.70141 0.24949 0.00000
17.84267 84.94803 19.79423 0.00000 0.70156 0.24789 0.00000
17.86213 85.08095 19.84104 0.00000 0.70170 0.24629 0.00000
17.88160 85.21404 19.88759 0.00000 0.70184 0.24467 0.00000
17.90110 85.34729 19.93389 0.00000 0.70198 0.24304 0.00000
17.92061 85.48070 19.97992 0.00000 0.70211 0.24140 0.00000
17.94015 85.61427 20.02568 0.00000 0.70224 0.23975 0.00000
17.95971 85.74801 20.07118 0.00000 0.70237 0.23809 0.00000
17.97928 85.88191 20.11640 0.00000 0.70249 0.23641 0.00000
17.99888 86.01597 20.16135 0.00000 0.70261 0.23473 0.00000
18.01850 86.15019 20.20603 0.00000 0.70272 0.23304 0.00000
18.03813 86.28457 20.25043 0.00000 0.70283 0.23134 0.00000
18.05779 86.41912 20.29454 0.00000 0.70294 0.22962 0.00000
18.07747 86.55382 20.33838 0.00000 0.70304 0.22790 0.00000
18.09717 86.68868 20.38193 0.00000 0.70314 0.22617 0.00000
18.11689 86.82370 20.42519 0.00000 0.70323 0.22443 0.00000
18.13663 86.95888 20.46816 0.00000 0.70332 0.22268 0.00000
18.15639 87.09422 20.51084 0.00000 0.70340 0.22091 0.00000
18.17617 87.22971 20.55322 0.00000 0.70348 0.21914 0.00000
18.19597 87.36537 20.59530 0.00000 0.70356 0.21736 0.00000
18.21580 87.50117 20.63708 0.00000 0.70363 0.21557 0.00000
18.23564 87.63714 20.67856 0.00000 0.70369 0.21377 0.00000
18.25550 87.77326 20.71974 0.00000 0.70375 0.21197 0.00000
18.27539 87.90953 20.76060 0.00000 0.70381 0.21015 0.00000
18.29530 88.04595 20.80116 0.00000 0.70386 0.20832 0.00000
18.31522 88.18253 20.84140 0.00000 0.70391 0.20649 0.00000
18.33517 88.31926 20.88133 0.00000 0.70395 0.20464 0.00000
18.35514 88.45613 20.92094 0.00000 0.70399 0.20279 0.00000
18.37513 88.59316 20.96023 0.00000 0.70402 0.20093 0.00000
18.39514 88.73034 20.99920 0.00000 0.70405 0.19906 0.00000
18.41517 88.86766 21.03784 0.00000 0.70407 0.19718 0.00000
18.43522 89.00513 21.07616 0.00000 0.70409 0.19530 0.00000
18.45529 89.14275 21.11415 0.00000 0.70410 0.19341 0.00000
18.47539 89.28051 21.15180 0.00000 0.70410 0.19151 0.00000
18.49550 89.41842 21.18912 0.00000 0.70410 0.18960 0.00000
18.51563 89.55646 21.22611 0.00000 0.70410 0.18768 0.00000
18.53579 89.69465 21.26276 0.00000 0.70409 0.18576 0.00000
18.55597 89.83298 21.29906 0.00000 0.70408 0.18383 0.00000
18.57616 89.97144 21.33502 0.00000 0.70406 0.18189 0.00000
18.59638 90.11005 21.37064 0.00000 0.70403 0.17995 0.00000
18.61662 90.24879 21.40591 0.00000 0.70400 0.17800 0.00000
18.63688 90.38766 21.44083 0.00000 0.70396 0.17604 0.00000
18.65716 90.52667 21.47540 0.00000 0.70392 0.17408 0.00000
18.67746 90.66581 21.50962 0.00000 0.70387 0.17211 0.00000
18.69778 90.80508 21.54348 0.00000 0.70382 0.17013 0.00000
18.71812 90.94448 21.57698 0.00000 0.70376 0.16815 0.00000
18.73849 91.08401 21.61012 0.00000 0.70369 0.16616 0.00000
18.75887 91.22366 21.64290 0.00000 0.70362 0.16417 0.00000
18.77927 91.36344 21.67532 0.00000 0.70354 0.16217 0.00000
18.79969 91.50334 21.70737 0.00000 0.70346 0.16016 0.00000
18.82014 91.64336 21.73905 0.00000 0.70337 0.15816 0.00000
18.84060 91.78350 21.77036 0.00000 0.70328 0.15614 0.00000
18.86108 91.92376 21.80130 0.00000 0.70318 0.15412 0.00000
18.88159 92.06414 21.83187 0.00000 0.70307 0.15210 0.00000
18.90211 92.20463 21.86206 0.00000 0.70296 0.15007 0.00000
18.92265 92.34524 21.89188 0.00000 0.70285 0.14804 0.00000
18.94321 92.48595 21.92132 0.00000 0.70272 0.14600 0.00000
18.96380 92.62678 21.95038 0.00000 0.70259 0.14397 0.00000
18.98440 92.76771 21.97905 0.00000 0.70246 0.14192 0.00000
19.00502 92.90875 22.00735 0.00000 0.70232 0.13988 0.00000
19.02566 93.04990 22.03525 0.00000 0.70217 0.13783 0.00000
19.04632 93.19114 22.06277 0.00000 0.70202 0.13577 0.00000
19.06700 93.33249 22.08991 0.00000 0.70186 0.13372 0.00000
19.08770 93.47393 22.11665 0.00000 0.70169 0.13166 0.00000
19.10842 93.61547 22.14300 0.00000 0.70152 0.12960 0.00000
19.12916 93.75711 22.16896 0.00000 0.70135 0.12753 0.00000
19.14991 93.89883 22.19453 0.00000 0.70117 0.12547 0.00000
19.17069 94.04065 22.21970 0.00000 0.70098 0.12340 0.00000
19.19148 94.18255 22.24447 0.00000 0.70078 0.12133 0.00000
19.21229 94.32454 22.26885 0.00000 0.70058 0.11926 0.00000
19.23312 94.46662 22.29283 0.00000 0.70038 0.11719 0.00000
19.25397 94.60878 22.31641 0.00000 0.70017 0.11512 0.00000
19.27483 94.75101 22.33959 0.00000 0.69995 0.11304 0.00000
19.29572 94.89333 22.36236 0.00000 0.69973 0.11097 0.00000
19.31662 95.03572 22.38474 0.00000 0.69950 0.10889 0.00000
19.33754 95.17818 22.40671 0.00000 0.69926 0.10681 0.00000
19.35848 95.32072 22.42827 0.00000 0.69902 0.10474 0.00000
19.37943 95.46332 22.44943 0.00000 0.69878 0.10266 0.00000
19.40040 95.60599 22.47018 0.00000 0.69853 0.10059 0.00000
19.42139 95.74872 22.49053 0.00000 0.69827 0.09851 0.00000
19.44240 95.89152 22.51047 0.00000 0.69801 0.09644 0.00000
19.46342 96.03438 22.52999 0.00000 0.69774 0.09436 0.00000
19.48446 96.17729 22.54911 0.00000 0.69746 0.09229 0.00000
19.50551 96.32026 22.56782 0.00000 0.69718 0.09022 0.00000
19.52659 96.46328 22.58612 0.00000 0.69690 0.08815 0.00000
19.54768 96.60636 22.60401 0.00000 0.69661 0.08608 0.00000
19.56878 96.74948 22.62148 0.00000 0.69631 0.08401 0.00000
19.58990 96.89264 22.63855 0.00000 0.69601 0.08194 0.00000
19.61104 97.03585 22.65520 0.00000 0.69571 0.07988 0.00000
19.63219 97.17911 22.67144 0.00000 0.69539 0.07782 0.00000
19.65335 97.32240 22.68727 0.00000 0.69508 0.07576 0.00000
19.67453 97.46572 22.70268 0.00000 0.69476 0.07371 0.00000
19.69573 97.60909 22.71768 0.00000 0.69443 0.07165 0.00000
19.71694 97.75248 22.73227 0.00000 0.69410 0.06960 0.00000
19.73817 97.89590 22.74644 0.00000 0.69376 0.06756 0.00000
19.75941 98.03935 22.76020 0.00000 0.69342 0.06551 0.00000
19.78066 98.18283 22.77355 0.00000 0.69307 0.06347 0.00000
19.80193 98.32633 22.78648 0.00000 0.69272 0.06144 0.00000
19.82321 98.46984 22.79901 0.00000 0.69237 0.05940 0.00000
19.84451 98.61338 22.81111 0.00000 0.69201 0.05738 0.00000
19.86582 98.75693 22.82281 0.00000 0.69164 0.05535 0.00000
19.88714 98.90049 22.83409 0.00000 0.69127 0.05333 0.00000
19.90848 99.04406 22.84496 0.00000 0.69090 0.05132 0.00000
19.92982 99.18765 22.85542 0.00000 0.69052 0.04931 0.00000
19.95119 99.33123 22.86547 0.00000 0.69014 0.04731 0.00000
19.97256 99.47482 22.87511 0.00000 0.68976 0.04531 0.00000
19.99394 99.61842 22.88433 0.00000 0.68936 0.04331 0.00000
20.01534 99.76201 22.89315 0.00000 0.68897 0.04132 0.00000
20.03675 99.90559 22.90156 0.00000 0.68857 0.03934 0.00000
20.05817 100.04917 22.90956 0.00000 0.68817 0.03736 0.00000
20.07960 100.19274 22.91715 0.00000 0.68776 0.03539 0.00000
20.10105 100.33631 22.92433 0.00000 0.68736 0.03343 0.00000
20.12250 100.47985 22.93111 0.00000 0.68694 0.03147 0.00000
20.14397 100.62339 22.93748 0.00000 0.68653 0.02951 0.00000
20.16544 100.76690 22.94345 0.00000 0.68611 0.02757 0.00000
20.18693 100.91040 22.94901 0.00000 0.68568 0.02563 0.00000
20.20842 101.05387 22.95418 0.00000 0.68526 0.02369 0.00000
20.22993 101.19732 22.95894 0.00000 0.68483 0.02177 0.00000
20.25144 101.34074 22.96330 0.00000 0.68439 0.01985 0.00000
20.27297 101.48414 22.96726 0.00000 0.68396 0.01794 0.00000
20.29450 101.62750 22.97082 0.00000 0.68352 0.01603 0.00000
20.31604 101.77083 22.97398 0.00000 0.68308 0.01414 0.00000
20.33759 101.91413 22.97675 0.00000 0.68263 0.01225 0.00000
20.35915 102.05738 22.97912 0.00000 0.68219 0.01037 0.00000
20.38072 102.20060 22.98110 0.00000 0.68174 0.00849 0.00000
20.40229 102.34378 22.98269 0.00000 0.68129 0.00663 0.00000
20.42388 102.48691 22.98389 0.00000 0.68083 0.00477 0.00000
20.44547 102.63000 22.98470 0.00000 0.68038 0.00292 0.00000
20.46707 102.77303 22.98512 0.00000 0.67992 0.00108 0.00000
20.48867 102.91602 22.98515 0.00000 0.67946 -0.00075 0.00000
20.51028 103.05896 22.98480 0.00000 0.67900 -0.00258 0.00000
20.53190 103.20184 22.98407 0.00000 0.67853 -0.00439 0.00000
20.55353 103.34467 22.98295 0.00000 0.67807 -0.00620 0.00000
20.57516 103.48744 22.98145 0.00000 0.67760 -0.00800 0.00000
20.59679 103.63015 22.97958 0.00000 0.67713 -0.00979 0.00000
20.61843 103.77279 22.97733 0.00000 0.67666 -0.01157 0.00000
20.64008 103.91538 22.97470 0.00000 0.67619 -0.01334 0.00000
20.66174 104.05789 22.97171 0.00000 0.67571 -0.01510 0.00000
20.68339 104.20034 22.96834 0.00000 0.67524 -0.01685 0.00000
20.70506 104.34273 22.96460 0.00000 0.67477 -0.01860 0.00000
20.72672 104.48504 22.96049 0.00000 0.67429 -0.02033 0.00000
20.74839 104.62728 22.95602 0.00000 0.67381 -0.02206 0.00000
20.77007 104.76944 22.95118 0.00000 0.67334 -0.02377 0.00000
20.79175 104.91153 22.94598 0.00000 0.67286 -0.02548 0.00000
20.81343 105.05354 22.94042 0.00000 0.67238 -0.02717 0.00000
20.83512 105.19547 22.93451 0.00000 0.67190 -0.02886 0.00000
20.85681 105.33732 22.92824 0.00000 0.67142 -0.03054 0.00000
20.87850 105.47908 22.92161 0.00000 0.67094 -0.03220 0.00000
20.90019 105.62077 22.91463 0.00000 0.67046 -0.03386 0.00000
20.92189 105.76237 22.90730 0.00000 0.66998 -0.03551 0.00000
20.94359 105.90388 22.89963 0.00000 0.66950 -0.03714 0.00000
20.96529 106.04530 22.89161 0.00000 0.66902 -0.03877 0.00000
20.98699 106.18663 22.88324 0.00000 0.66854 -0.04039 0.00000
21.00870 106.32787 22.87454 0.00000 0.66806 -0.04199 0.00000
21.03040 106.46901 22.86549 0.00000 0.66758 -0.04359 0.00000
21.05211 106.61007 22.85611 0.00000 0.66710 -0.04517 0.00000
21.07382 106.75102 22.84640 0.00000 0.66663 -0.04675 0.00000
21.09553 106.89188 22.83635 0.00000 0.66615 -0.04831 0.00000
21.11723 107.03265 22.82597 0.00000 0.66567 -0.04987 0.00000
21.13894 107.17331 22.81527 0.00000 0.66520 -0.05141 0.00000
21.16065 107.31387 22.80424 0.00000 0.66472 -0.05295 0.00000
21.18236 107.45433 22.79288 0.00000 0.66425 -0.05447 0.00000
21.20407 107.59469 22.78121 0.00000 0.66378 -0.05599 0.00000
21.22578 107.73494 22.76922 0.00000 0.66330 -0.05749 0.00000
21.24748 107.87509 22.75691 0.00000 0.66283 -0.05898 0.00000
21.26919 108.01513 22.74429 0.00000 0.66237 -0.06047 0.00000
21.29089 108.15506 22.73135 0.00000 0.66190 -0.06194 0.00000
21.31259 108.29488 22.71811 0.00000 0.66143 -0.06340 0.00000
21.33429 108.43460 22.70456 0.00000 0.66097 -0.06485 0.00000
21.35599 108.57420 22.69070 0.00000 0.66051 -0.06629 0.00000
21.37769 108.71370 22.67655 0.00000 0.66005 -0.06772 0.00000
21.39938 108.85308 22.66209 0.00000 0.65959 -0.06914 0.00000
21.42107 108.99235 22.64734 0.00000 0.65913 -0.07055 0.00000
21.44276 109.13150 22.63229 0.00000 0.65868 -0.07195 0.00000
21.46445 109.27054 22.61695 0.00000 0.65822 -0.07334 0.00000
21.48613 109.40946 22.60132 0.00000 0.65777 -0.07471 0.00000
21.50781 109.54827 22.58541 0.00000 0.65732 -0.07608 0.00000
21.52949 109.68696 22.56921 0.00000 0.65688 -0.07744 0.00000
21.55116 109.82553 22.55272 0.00000 0.65643 -0.07878 0.00000
21.57283 109.96398 22.53596 0.00000 0.65599 -0.08012 0.00000
21.59449 110.10232 22.51892 0.00000 0.65555 -0.08145 0.00000
21.61615 110.24053 22.50160 0.00000 0.65512 -0.08276 0.00000
21.63781 110.37863 22.48401 0.00000 0.65468 -0.08407 0.00000
21.65946 110.51660 22.46615 0.00000 0.65425 -0.08536 0.00000
21.68110 110.65445 22.44803 0.00000 0.65383 -0.08665 0.00000
21.70274 110.79218 22.42963 0.00000 0.65340 -0.08792 0.00000
21.72438 110.92979 22.41098 0.00000 0.65298 -0.08918 0.00000
21.74601 111.06727 22.39206 0.00000 0.65256 -0.09044 0.00000
21.76763 111.20463 22.37289 0.00000 0.65214 -0.09168 0.00000
21.78925 111.34187 22.35346 0.00000 0.65173 -0.09292 0.00000
21.81086 111.47898 22.33378 0.00000 0.65132 -0.09414 0.00000
21.83247 111.61597 22.31384 0.00000 0.65091 -0.09535 0.00000
21.85407 111.75283 22.29366 0.00000 0.65050 -0.09656 0.00000
21.87566 111.88957 22.27323 0.00000 0.65010 -0.09775 0.00000
21.89725 112.02618 22.25256 0.00000 0.64970 -0.09893 0.00000
21.91883 112.16267 22.23165 0.00000 0.64931 -0.10011 0.00000
21.94041 112.29903 22.21049 0.00000 0.64892 -0.10127 0.00000
21.96197 112.43526 22.18911 0.00000 0.64853 -0.10243 0.00000
21.98353 112.57137 22.16748 0.00000 0.64815 -0.10357 0.00000
22.00509 112.70735 22.14563 0.00000 0.64776 -0.10470 0.00000
22.02663 112.84320 22.12354 0.00000 0.64739 -0.10583 0.00000
22.04817 112.97893 22.10123 0.00000 0.64701 -0.10694 0.00000
22.06970 113.11453 22.07870 0.00000 0.64664 -0.10805 0.00000
22.09122 113.25000 22.05594 0.00000 0.64628 -0.10915 0.00000
22.11273 113.38534 22.03296 0.00000 0.64591 -0.11023 0.00000
22.13424 113.52056 22.00977 0.00000 0.64555 -0.11131 0.00000
22.15573 113.65565 21.98635 0.00000 0.64520 -0.11238 0.00000
22.17722 113.79061 21.96273 0.00000 0.64485 -0.11344 0.00000
22.19870 113.92544 21.93889 0.00000 0.64450 -0.11449 0.00000
22.22017 114.06015 21.91485 0.00000 0.64415 -0.11553 0.00000
22.24163 114.19473 21.89060 0.00000 0.64381 -0.11656 0.00000
22.26309 114.32918 21.86614 0.00000 0.64348 -0.11758 0.00000
22.28453 114.46351 21.84149 0.00000 0.64314 -0.11859 0.00000
22.30596 114.59770 21.81663 0.00000 0.64281 -0.11960 0.00000
22.32739 114.73177 21.79158 0.00000 0.64249 -0.12059 0.00000
22.34880 114.86572 21.76633 0.00000 0.64217 -0.12158 0.00000
22.37021 114.99953 21.74088 0.00000 0.64185 -0.12256 0.00000
22.39160 115.13322 21.71525 0.00000 0.64154 -0.12353 0.00000
22.41299 115.26678 21.68942 0.00000 0.64123 -0.12449 0.00000
22.43437 115.40022 21.66341 0.00000 0.64092 -0.12544 0.00000
22.45573 115.53353 21.63722 0.00000 0.64062 -0.12638 0.00000
22.47709 115.66671 21.61084 0.00000 0.64033 -0.12732 0.00000
22.49843 115.79977 21.58428 0.00000 0.64003 -0.12824 0.00000
22.51977 115.93271 21.55755 0.00000 0.63974 -0.12916 0.00000
22.54109 116.06551 21.53063 0.00000 0.63946 -0.13007 0.00000
22.56241 116.19820 21.50355 0.00000 0.63918 -0.13097 0.00000
22.58371 116.33075 21.47629 0.00000 0.63890 -0.13186 0.00000
22.60500 116.46319 21.44885 0.00000 0.63863 -0.13275 0.00000
22.62628 116.59550 21.42126 0.00000 0.63836 -0.13362 0.00000
22.64755 116.72768 21.39349 0.00000 0.63810 -0.13449 0.00000
22.66881 116.85975 21.36556 0.00000 0.63784 -0.13535 0.00000
22.69006 116.99168 21.33747 0.00000 0.63758 -0.13621 0.00000
22.71130 117.12350 21.30921 0.00000 0.63733 -0.13705 0.00000
22.73252 117.25520 21.28080 0.00000 0.63708 -0.13789 0.00000
22.75373 117.38677 21.25223 0.00000 0.63684 -0.13872 0.00000
22.77494 117.51822 21.22351 0.00000 0.63660 -0.13954 0.00000
22.79613 117.64955 21.19463 0.00000 0.63636 -0.14036 0.00000
22.81731 117.78076 21.16560 0.00000 0.63613 -0.14116 0.00000
22.83847 117.91185 21.13643 0.00000 0.63591 -0.14196 0.00000
22.85963 118.04281 21.10710 0.00000 0.63568 -0.14276 0.00000
22.88077 118.17366 21.07763 0.00000 0.63546 -0.14354 0.00000
22.90190 118.30439 21.04802 0.00000 0.63525 -0.14432 0.00000
22.92302 118.43500 21.01826 0.00000 0.63504 -0.14509 0.00000
22.94413 118.56550 20.98836 0.00000 0.63483 -0.14585 0.00000
22.96522 118.69587 20.95832 0.00000 0.63463 -0.14661 0.00000
22.98630 118.82613 20.92815 0.00000 0.63443 -0.14736 0.00000
23.00737 118.95627 20.89784 0.00000 0.63424 -0.14810 0.00000
23.02843 119.08630 20.86740 0.00000 0.63405 -0.14884 0.00000
23.04948 119.21621 20.83682 0.00000 0.63386 -0.14957 0.00000
23.07051 119.34600 20.80612 0.00000 0.63368 -0.15029 0.00000
23.09153 119.47568 20.77528 0.00000 0.63350 -0.15101 0.00000
23.11254 119.60525 20.74432 0.00000 0.63332 -0.15172 0.00000
23.13353 119.73470 20.71323 0.00000 0.63315 -0.15242 0.00000
23.15451 119.86404 20.68202 0.00000 0.63299 -0.15312 0.00000
23.17548 119.99327 20.65069 0.00000 0.63283 -0.15381 0.00000
23.19644 120.12238 20.61923 0.00000 0.63267 -0.15449 0.00000
23.21738 120.25138 20.58766 0.00000 0.63251 -0.15517 0.00000
23.23831 120.38028 20.55597 0.00000 0.63236 -0.15584 0.00000
23.25923 120.50906 20.52416 0.00000 0.63222 -0.15650 0.00000
23.28013 120.63773 20.49224 0.00000 0.63207 -0.15716 0.00000
23.30102 120.76629 20.46020 0.00000 0.63193 -0.15781 0.00000
23.32190 120.89474 20.42805 0.00000 0.63180 -0.15846 0.00000
23.34276 121.02309 20.39579 0.00000 0.63167 -0.15910 0.00000
23.36361 121.15133 20.36343 0.00000 0.63154 -0.15974 0.00000
23.38445 121.27946 20.33095 0.00000 0.63142 -0.16037 0.00000
23.40528 121.40748 20.29837 0.00000 0.63130 -0.16099 0.00000
23.42609 121.53540 20.26568 0.00000 0.63118 -0.16161 0.00000
23.44689 121.66321 20.23289 0.00000 0.63107 -0.16222 0.00000
23.46767 121.79092 20.20000 0.00000 0.63096 -0.16283 0.00000
23.48844 121.91853 20.16700 0.00000 0.63086 -0.16343 0.00000
23.50920 122.04603 20.13391 0.00000 0.63075 -0.16402 0.00000
23.52994 122.17343 20.10072 0.00000 0.63066 -0.16462 0.00000
23.55067 122.30072 20.06743 0.00000 0.63056 -0.16520 0.00000
23.57139 122.42791 20.03405 0.00000 0.63047 -0.16578 0.00000
23.59210 122.55501 20.00057 0.00000 0.63039 -0.16635 0.00000
23.61279 122.68200 19.96700 0.00000 0.63030 -0.16692 0.00000
23.63346 122.80889 19.93333 0.00000 0.63022 -0.16749 0.00000
23.65412 122.93568 19.89958 0.00000 0.63015 -0.16805 0.00000
23.67477 123.06238 19.86573 0.00000 0.63007 -0.16860 0.00000
23.69541 123.18897 19.83180 0.00000 0.63000 -0.16915 0.00000
23.71603 123.31547 19.79778 0.00000 0.62994 -0.16969 0.00000
23.73664 123.44187 19.76367 0.00000 0.62988 -0.17023 0.00000
23.75723 123.56818 19.72948 0.00000 0.62982 -0.17077 0.00000
23.77781 123.69439 19.69521 0.00000 0.62976 -0.17130 0.00000
23.79838 123.82050 19.66085 0.00000 0.62971 -0.17182 0.00000
23.81893 123.94652 19.62641 0.00000 0.62966 -0.17234 0.00000
23.83947 124.07245 19.59189 0.00000 0.62961 -0.17286 0.00000
23.86000 124.19828 19.55729 0.00000 0.62957 -0.17337 0.00000
23.88051 124.32402 19.52261 0.00000 0.62953 -0.17388 0.00000
23.90101 124.44966 19.48786 0.00000 0.62950 -0.17438 0.00000
23.92149 124.57522 19.45303 0.00000 0.62946 -0.17488 0.00000
23.94196 124.70068 19.41812 0.00000 0.62943 -0.17537 0.00000
23.96242 124.82606 19.38314 0.00000 0.62941 -0.17586 0.00000
23.98286 124.95134 19.34808 0.00000 0.62938 -0.17635 0.00000
24.00329 125.07654 19.31296 0.00000 0.62936 -0.17683 0.00000
24.02370 125.20164 19.27776 0.00000 0.62935 -0.17731 0.00000
24.04411 125.32666 19.24249 0.00000 0.62933 -0.17778 0.00000
24.06449 125.45159 19.20715 0.00000 0.62932 -0.17825 0.00000
24.08487 125.57644 19.17174 0.00000 0.62931 -0.17871 0.00000
24.10523 125.70120 19.13627 0.00000 0.62931 -0.17917 0.00000
24.12557 125.82587 19.10073 0.00000 0.62930 -0.17963 0.00000
24.14590 125.95046 19.06512 0.00000 0.62930 -0.18008 0.00000
24.16622 126.07496 19.02945 0.00000 0.62931 -0.18053 0.00000
24.18653 126.19938 18.99371 0.00000 0.62931 -0.18097 0.00000
24.20682 126.32371 18.95791 0.00000 0.62932 -0.18142 0.00000
24.22709 126.44797 18.92205 0.00000 0.62933 -0.18185 0.00000
24.24735 126.57214 18.88613 0.00000 0.62935 -0.18229 0.00000
24.26760 126.69623 18.85014 0.00000 0.62936 -0.18272 0.00000
24.28784 126.82024 18.81410 0.00000 0.62938 -0.18314 0.00000
24.30806 126.94416 18.77800 0.00000 0.62941 -0.18357 0.00000
24.32827 127.06801 18.74184 0.00000 0.62943 -0.18399 0.00000
24.34846 127.19178 18.70562 0.00000 0.62946 -0.18440 0.00000
24.36864 127.31547 18.66934 0.00000 0.62949 -0.18481 0.00000
24.38881 127.43908 18.63301 0.00000 0.62952 -0.18522 0.00000
24.40896 127.56262 18.59663 0.00000 0.62956 -0.18563 0.00000
24.42910 127.68607 18.56019 0.00000 0.62960 -0.18603 0.00000
24.44922 127.80945 18.52369 0.00000 0.62964 -0.18643 0.00000
24.46933 127.93276 18.48715 0.00000 0.62968 -0.18683 0.00000
24.48943 128.05599 18.45055 0.00000 0.62972 -0.18722 0.00000
24.50952 128.17914 18.41390 0.00000 0.62977 -0.18761 0.00000
24.52959 128.30222 18.37719 0.00000 0.62982 -0.18799 0.00000
24.54964 128.42523 18.34044 0.00000 0.62987 -0.18838 0.00000
24.56968 128.54816 18.30364 0.00000 0.62993 -0.18876 0.00000
24.58971 128.67102 18.26679 0.00000 0.62999 -0.18913 0.00000
24.60973 128.79381 18.22989 0.00000 0.63005 -0.18951 0.00000
24.62973 128.91653 18.19295 0.00000 0.63011 -0.18988 0.00000
24.64972 129.03917 18.15595 0.00000 0.63017 -0.19025 0.00000
24.66969 129.16175 18.11892 0.00000 0.63024 -0.19061 0.00000
24.68966 129.28425 18.08183 0.00000 0.63031 -0.19097 0.00000
24.70960 129.40669 18.04470 0.00000 0.63038 -0.19133 0.00000
24.72954 129.52905 18.00753 0.00000 0.63045 -0.19169 0.00000
24.74946 129.65135 17.97031 0.00000 0.63052 -0.19204 0.00000
24.76937 129.77358 17.93305 0.00000 0.63060 -0.19239 0.00000
24.78926 129.89574 17.89575 0.00000 0.63068 -0.19274 0.00000
24.80914 130.01784 17.85840 0.00000 0.63076 -0.19309 0.00000
24.82901 130.13987 17.82102 0.00000 0.63084 -0.19343 0.00000
24.84886 130.26183 17.78359 0.00000 0.63093 -0.19377 0.00000
24.86870 130.38373 17.74612 0.00000 0.63101 -0.19411 0.00000
24.88853 130.50556 17.70862 0.00000 0.63110 -0.19444 0.00000
24.90834 130.62733 17.67107 0.00000 0.63119 -0.19478 0.00000
24.92814 130.74903 17.63348 0.00000 0.63128 -0.19511 0.00000
24.94793 130.87067 17.59586 0.00000 0.63138 -0.19543 0.00000
24.96770 130.99225 17.55820 0.00000 0.63147 -0.19576 0.00000
24.98746 131.11376 17.52050 0.00000 0.63157 -0.19608 0.00000
25.00721 131.23521 17.48277 0.00000 0.63167 -0.19640 0.00000
25.02694 131.35660 17.44500 0.00000 0.63177 -0.19672 0.00000
25.04667 131.47793 17.40719 0.00000 0.63188 -0.19703 0.00000
25.06637 131.59920 17.36935 0.00000 0.63198 -0.19735 0.00000
25.08607 131.72041 17.33147 0.00000 0.63209 -0.19766 0.00000
25.10575 131.84156 17.29356 0.00000 0.63220 -0.19797 0.00000
25.12542 131.96265 17.25562 0.00000 0.63231 -0.19827 0.00000
25.14508 132.08368 17.21764 0.00000 0.63242 -0.19858 0.00000
25.16472 132.20465 17.17963 0.00000 0.63253 -0.19888 0.00000
25.18435 132.32556 17.14159 0.00000 0.63265 -0.19918 0.00000
25.20396 132.44642 17.10352 0.00000 0.63276 -0.19947 0.00000
25.22357 132.56722 17.06541 0.00000 0.63288 -0.19977 0.00000
25.24316 132.68796 17.02727 0.00000 0.63300 -0.20006 0.00000
25.26274 132.80865 16.98911 0.00000 0.63312 -0.20035 0.00000
25.28230 132.92928 16.95091 0.00000 0.63324 -0.20064 0.00000
25.30186 133.04985 16.91268 0.00000 0.63337 -0.20093 0.00000
25.32140 133.17037 16.87442 0.00000 0.63349 -0.20121 0.00000
25.34092 133.29084 16.83614 0.00000 0.63362 -0.20150 0.00000
25.36044 133.41125 16.79782 0.00000 0.63375 -0.20178 0.00000
25.37994 133.53160 16.75948 0.00000 0.63388 -0.20206 0.00000
25.39943 133.65191 16.72111 0.00000 0.63401 -0.20233 0.00000
25.41890 133.77216 16.68271 0.00000 0.63414 -0.20261 0.00000
25.43837 133.89236 16.64428 0.00000 0.63427 -0.20288 0.00000
25.45782 134.01250 16.60583 0.00000 0.63441 -0.20315 0.00000
25.47726 134.13260 16.56735 0.00000 0.63454 -0.20342 0.00000
25.49669 134.25264 16.52885 0.00000 0.63468 -0.20369 0.00000
25.51610 134.37263 16.49032 0.00000 0.63482 -0.20396 0.00000
25.53550 134.49258 16.45176 0.00000 0.63496 -0.20422 0.00000
25.55489 134.61247 16.41318 0.00000 0.63510 -0.20448 0.00000
25.57427 134.73231 16.37458 0.00000 0.63524 -0.20474 0.00000
25.59363 134.85210 16.33595 0.00000 0.63539 -0.20500 0.00000
25.61298 134.97185 16.29729 0.00000 0.63553 -0.20526 0.00000
25.63232 135.09154 16.25862 0.00000 0.63568 -0.20551 0.00000
25.65165 135.21119 16.21991 0.00000 0.63582 -0.20577 0.00000
25.67097 135.33079 16.18119 0.00000 0.63597 -0.20602 0.00000
25.69027 135.45034 16.14244 0.00000 0.63612 -0.20627 0.00000
25.70956 135.56984 16.10367 0.00000 0.63627 -0.20652 0.00000
25.72884 135.68930 16.06488 0.00000 0.63642 -0.20676 0.00000
25.74810 135.80871 16.02607 0.00000 0.63657 -0.20701 0.00000
25.76736 135.92807 15.98724 0.00000 0.63673 -0.20725 0.00000
25.78660 136.04739 15.94838 0.00000 0.63688 -0.20749 0.00000
25.80583 136.16667 15.90950 0.00000 0.63704 -0.20774 0.00000
25.82505 136.28589 15.87061 0.00000 0.63719 -0.20797 0.00000
25.84426 136.40508 15.83169 0.00000 0.63735 -0.20821 0.00000
25.86345 136.52422 15.79275 0.00000 0.63751 -0.20845 0.00000
25.88264 136.64331 15.75379 0.00000 0.63767 -0.20868 0.00000
25.90181 136.76236 15.71481 0.00000 0.63783 -0.20892 0.00000
25.92097 136.88137 15.67582 0.00000 0.63799 -0.20915 0.00000
25.94011 137.00034 15.63680 0.00000 0.63815 -0.20938 0.00000
25.95925 137.11926 15.59777 0.00000 0.63831 -0.20961 0.00000
25.97838 137.23814 15.55871 0.00000 0.63847 -0.20983 0.00000
25.99749 137.35698 15.51964 0.00000 0.63864 -0.21006 0.00000
26.01659 137.47578 15.48055 0.00000 0.63880 -0.21028 0.00000
26.03568 137.59453 15.44144 0.00000 0.63897 -0.21051 0.00000
26.05476 137.71325 15.40232 0.00000 0.63914 -0.21073 0.00000
26.07382 137.83192 15.36317 0.00000 0.63930 -0.21095 0.00000
26.09288 137.95055 15.32401 0.00000 0.63947 -0.21117 0.00000
26.11192 138.06914 15.28484 0.00000 0.63964 -0.21139 0.00000
26.13095 138.18770 15.24564 0.00000 0.63981 -0.21160 0.00000
26.14997 138.30621 15.20643 0.00000 0.63998 -0.21182 0.00000
26.16898 138.42468 15.16721 0.00000 0.64015 -0.21203 0.00000
26.18798 138.54312 15.12796 0.00000 0.64032 -0.21224 0.00000
26.20697 138.66151 15.08871 0.00000 0.64049 -0.21245 0.00000
26.22594 138.77987 15.04943 0.00000 0.64067 -0.21266 0.00000
26.24490 138.89819 15.01014 0.00000 0.64084 -0.21287 0.00000
26.26386 139.01647 14.97084 0.00000 0.64101 -0.21308 0.00000
26.28280 139.13472 14.93152 0.00000 0.64119 -0.21329 0.00000
26.30173 139.25293 14.89218 0.00000 0.64136 -0.21349 0.00000
26.32065 139.37110 14.85283 0.00000 0.64154 -0.21370 0.00000
26.33956 139.48923 14.81347 0.00000 0.64172 -0.21390 0.00000
26.35845 139.60733 14.77409 0.00000 0.64189 -0.21410 0.00000
26.37734 139.72539 14.73470 0.00000 0.64207 -0.21430 0.00000
26.39622 139.84341 14.69530 0.00000 0.64225 -0.21450 0.00000
26.41508 139.96140 14.65588 0.00000 0.64243 -0.21470 0.00000
26.43393 140.07936 14.61644 0.00000 0.64261 -0.21490 0.00000
26.45278 140.19728 14.57700 0.00000 0.64279 -0.21509 0.00000
26.47161 140.31516 14.53754 0.00000 0.64297 -0.21529 0.00000
26.49043 140.43301 14.49807 0.00000 0.64315 -0.21548 0.00000
26.50924 140.55083 14.45858 0.00000 0.64333 -0.21567 0.00000
26.52804 140.66861 14.41908 0.00000 0.64351 -0.21587 0.00000
26.54683 140.78636 14.37957 0.00000 0.64370 -0.21606 0.00000
26.56560 140.90407 14.34005 0.00000 0.64388 -0.21625 0.00000
26.58437 141.02175 14.30052 0.00000 0.64406 -0.21643 0.00000
26.60313 141.13940 14.26097 0.00000 0.64425 -0.21662 0.00000
26.62187 141.25702 14.22141 0.00000 0.64443 -0.21681 0.00000
26.64061 141.37460 14.18184 0.00000 0.64461 -0.21699 0.00000
26.65934 141.49215 14.14226 0.00000 0.64480 -0.21718 0.00000
26.67805 141.60967 14.10267 0.00000 0.64498 -0.21736 0.00000
26.69675 141.72715 14.06306 0.00000 0.64517 -0.21754 0.00000
26.71545 141.84461 14.02345 0.00000 0.64536 -0.21773 0.00000
26.73413 141.96203 13.98382 0.00000 0.64554 -0.21791 0.00000
26.75280 142.07942 13.94418 0.00000 0.64573 -0.21809 0.00000
26.77147 142.19679 13.90454 0.00000 0.64592 -0.21826 0.00000
26.79012 142.31412 13.86488 0.00000 0.64610 -0.21844 0.00000
26.80876 142.43142 13.82521 0.00000 0.64629 -0.21862 0.00000
26.82739 142.54869 13.78553 0.00000 0.64648 -0.21880 0.00000
26.84602 142.66593 13.74584 0.00000 0.64667 -0.21897 0.00000
26.86463 142.78314 13.70614 0.00000 0.64686 -0.21914 0.00000
26.88323 142.90032 13.66643 0.00000 0.64704 -0.21932 0.00000
26.90182 143.01747 13.62671 0.00000 0.64723 -0.21949 0.00000
26.92040 143.13459 13.58699 0.00000 0.64742 -0.21966 0.00000
26.93897 143.25169 13.54725 0.00000 0.64761 -0.21983 0.00000
26.95753 143.36875 13.50750 0.00000 0.64780 -0.22000 0.00000
26.97609 143.48579 13.46774 0.00000 0.64799 -0.22017 0.00000
26.99463 143.60280 13.42798 0.00000 0.64818 -0.22034 0.00000
27.01316 143.71978 13.38820 0.00000 0.64837 -0.22051 0.00000
27.03168 143.83673 13.34842 0.00000 0.64857 -0.22067 0.00000
27.05019 143.95365 13.30863 0.00000 0.64876 -0.22084 0.00000
27.06869 144.07055 13.26883 0.00000 0.64895 -0.22100 0.00000
27.08719 144.18742 13.22902 0.00000 0.64914 -0.22117 0.00000
27.10567 144.30426 13.18920 0.00000 0.64933 -0.22133 0.00000
27.12414 144.42108 13.14938 0.00000 0.64952 -0.22149 0.00000
27.14260 144.53786 13.10954 0.00000 0.64971 -0.22165 0.00000
27.16106 144.65463 13.06970 0.00000 0.64991 -0.22181 0.00000
27.17950 144.77136 13.02985 0.00000 0.65010 -0.22197 0.00000
27.19794 144.88807 12.98999 0.00000 0.65029 -0.22213 0.00000
27.21636 145.00476 12.95012 0.00000 0.65048 -0.22229 0.00000
27.23478 145.12141 12.91025 0.00000 0.65068 -0.22245 0.00000
27.25318 145.23805 12.87037 0.00000 0.65087 -0.22260 0.00000
27.27158 145.35465 12.83048 0.00000 0.65106 -0.22276 0.00000
27.28996 145.47124 12.79058 0.00000 0.65126 -0.22292 0.00000
27.30834 145.58779 12.75068 0.00000 0.65145 -0.22307 0.00000
27.32671 145.70432 12.71077 0.00000 0.65164 -0.22322 0.00000
27.34507 145.82083 12.67085 0.00000 0.65184 -0.22338 0.00000
27.36342 145.93731 12.63093 0.00000 0.65203 -0.22353 0.00000
27.38176 146.05377 12.59099 0.00000 0.65223 -0.22368 0.00000
27.40009 146.17021 12.55106 0.00000 0.65242 -0.22383 0.00000
27.41841 146.28662 12.51111 0.00000 0.65261 -0.22398 0.00000
27.43672 146.40300 12.47116 0.00000 0.65281 -0.22413 0.00000
27.45503 146.51936 12.43120 0.00000 0.65300 -0.22428 0.00000
27.47332 146.63570 12.39123 0.00000 0.65320 -0.22443 0.00000
27.49160 146.75202 12.35126 0.00000 0.65339 -0.22458 0.00000
27.50988 146.86831 12.31128 0.00000 0.65358 -0.22472 0.00000
27.52815 146.98458 12.27130 0.00000 0.65378 -0.22487 0.00000
27.54640 147.10083 12.23131 0.00000 0.65397 -0.22502 0.00000
27.56465 147.21705 12.19131 0.00000 0.65417 -0.22516 0.00000
27.58289 147.33325 12.15131 0.00000 0.65436 -0.22531 0.00000
27.60112 147.44943 12.11130 0.00000 0.65456 -0.22545 0.00000
27.61935 147.56559 12.07129 0.00000 0.65475 -0.22559 0.00000
27.63756 147.68172 12.03127 0.00000 0.65494 -0.22573 0.00000
27.65576 147.79784 11.99124 0.00000 0.65514 -0.22588 0.00000
27.67396 147.91393 11.95121 0.00000 0.65533 -0.22602 0.00000
27.69215 148.03000 11.91117 0.00000 0.65553 -0.22616 0.00000
27.71032 148.14604 11.87113 0.00000 0.65572 -0.22630 0.00000
27.72849 148.26207 11.83108 0.00000 0.65592 -0.22644 0.00000
27.74665 148.37807 11.79102 0.00000 0.65611 -0.22657 0.00000
27.76480 148.49406 11.75097 0.00000 0.65631 -0.22671 0.00000
27.78295 148.61002 11.71090 0.00000 0.65650 -0.22685 0.00000
27.80108 148.72596 11.67083 0.00000 0.65669 -0.22699 0.00000
27.81921 148.84189 11.63076 0.00000 0.65689 -0.22712 0.00000
27.83733 148.95779 11.59068 0.00000 0.65708 -0.22726 0.00000
27.85543 149.07367 11.55059 0.00000 0.65728 -0.22739 0.00000
27.87353 149.18953 11.51050 0.00000 0.65747 -0.22753 0.00000
27.89163 149.30537 11.47041 0.00000 0.65767 -0.22766 0.00000
27.90971 149.42119 11.43031 0.00000 0.65786 -0.22780 0.00000
27.92778 149.53699 11.39021 0.00000 0.65805 -0.22793 0.00000
27.94585 149.65277 11.35010 0.00000 0.65825 -0.22806 0.00000
27.96391 149.76853 11.30998 0.00000 0.65844 -0.22819 0.00000
27.98196 149.88428 11.26987 0.00000 0.65864 -0.22832 0.00000
28.00000 150.00000 11.22974 0.00000 0.65883 -0.22845 0.00000
