# binary slingshot  M1=1.0 M2=1.5  sep=100M  samples=1400  duration=26.0s
# up 0 0 1
# hole 0.00000 0.00000 0 1.00000
# hole 100.00000 0.00000 0 1.50000
0.00000 -30.00000 -12.00000 0.00000 0.87529 -0.20946 0.00000
0.01635 -29.87114 -12.03083 0.00000 0.87530 -0.20938 0.00000
0.03270 -29.74227 -12.06165 0.00000 0.87532 -0.20930 0.00000
0.04905 -29.61337 -12.09247 0.00000 0.87534 -0.20921 0.00000
0.06540 -29.48446 -12.12327 0.00000 0.87535 -0.20913 0.00000
0.08176 -29.35552 -12.15407 0.00000 0.87537 -0.20904 0.00000
0.09812 -29.22656 -12.18486 0.00000 0.87539 -0.20895 0.00000
0.11448 -29.09758 -12.21564 0.00000 0.87541 -0.20886 0.00000
0.13085 -28.96858 -12.24641 0.00000 0.87543 -0.20877 0.00000
0.14721 -28.83956 -12.27717 0.00000 0.87544 -0.20868 0.00000
0.16358 -28.71051 -12.30793 0.00000 0.87546 -0.20859 0.00000
0.17995 -28.58144 -12.33867 0.00000 0.87548 -0.20849 0.00000
0.19633 -28.45235 -12.36940 0.00000 0.87550 -0.20839 0.00000
0.21270 -28.32324 -12.40013 0.00000 0.87552 -0.20830 0.00000
0.22908 -28.19410 -12.43085 0.00000 0.87553 -0.20819 0.00000
0.24546 -28.06494 -12.46155 0.00000 0.87555 -0.20809 0.00000
0.26185 -27.93576 -12.49225 0.00000 0.87557 -0.20799 0.00000
0.27824 -27.80655 -12.52293 0.00000 0.87559 -0.20788 0.00000
0.29463 -27.67732 -12.55360 0.00000 0.87561 -0.20778 0.00000
0.31102 -27.54807 -12.58427 0.00000 0.87563 -0.20767 0.00000
0.32741 -27.41879 -12.61492 0.00000 0.87565 -0.20756 0.00000
0.34381 -27.28948 -12.64556 0.00000 0.87567 -0.20745 0.00000
0.36021 -27.16015 -12.67619 0.00000 0.87568 -0.20733 0.00000
0.37662 -27.03080 -12.70681 0.00000 0.87570 -0.20722 0.00000
0.39302 -26.90141 -12.73742 0.00000 0.87572 -0.20710 0.00000
0.40943 -26.77201 -12.76801 0.00000 0.87574 -0.20698 0.00000
0.42585 -26.64257 -12.79859 0.00000 0.87576 -0.20686 0.00000
0.44226 -26.51311 -12.82916 0.00000 0.87578 -0.20674 0.00000
0.45868 -26.38362 -12.85972 0.00000 0.87580 -0.20661 0.00000
0.47510 -26.25411 -12.89026 0.00000 0.87582 -0.20648 0.00000
0.49153 -26.12456 -12.92080 0.00000 0.87584 -0.20635 0.00000
0.50795 -25.99499 -12.95131 0.00000 0.87586 -0.20622 0.00000
0.52439 -25.86540 -12.98182 0.00000 0.87588 -0.20609 0.00000
0.54082 -25.73577 -13.01231 0.00000 0.87590 -0.20595 0.00000
0.55726 -25.60611 -13.04278 0.00000 0.87592 -0.20581 0.00000
0.57370 -25.47643 -13.07324 0.00000 0.87594 -0.20567 0.00000
0.59014 -25.34671 -13.10369 0.00000 0.87596 -0.20553 0.00000
0.60659 -25.21697 -13.13412 0.00000 0.87598 -0.20538 0.00000
0.62304 -25.08719 -13.16454 0.00000 0.87600 -0.20523 0.00000
0.63950 -24.95739 -13.19494 0.00000 0.87602 -0.20508 0.00000
0.65596 -24.82755 -13.22532 0.00000 0.87603 -0.20493 0.00000
0.67242 -24.69768 -13.25569 0.00000 0.87605 -0.20477 0.00000
0.68888 -24.56778 -13.28604 0.00000 0.87607 -0.20462 0.00000
0.70535 -24.43785 -13.31638 0.00000 0.87609 -0.20446 0.00000
0.72183 -24.30789 -13.34669 0.00000 0.87611 -0.20429 0.00000
0.73830 -24.17789 -13.37699 0.00000 0.87613 -0.20413 0.00000
0.75479 -24.04786 -13.40727 0.00000 0.87615 -0.20396 0.00000
0.77127 -23.91780 -13.43754 0.00000 0.87617 -0.20378 0.00000
0.78776 -23.78770 -13.46778 0.00000 0.87619 -0.20361 0.00000
0.80425 -23.65757 -13.49801 0.00000 0.87621 -0.20343 0.00000
0.82075 -23.52740 -13.52822 0.00000 0.87623 -0.20325 0.00000
0.83725 -23.39720 -13.55840 0.00000 0.87625 -0.20307 0.00000
0.85375 -23.26697 -13.58857 0.00000 0.87627 -0.20288 0.00000
0.87026 -23.13670 -13.61872 0.00000 0.87629 -0.20269 0.00000
0.88677 -23.00639 -13.64884 0.00000 0.87631 -0.20249 0.00000
0.90329 -22.87604 -13.67895 0.00000 0.87633 -0.20230 0.00000
0.91981 -22.74566 -13.70903 0.00000 0.87634 -0.20210 0.00000
0.93634 -22.61524 -13.73909 0.00000 0.87636 -0.20189 0.00000
0.95287 -22.48479 -13.76913 0.00000 0.87638 -0.20169 0.00000
0.96941 -22.35429 -13.79915 0.00000 0.87640 -0.20148 0.00000
0.98595 -22.22376 -13.82914 0.00000 0.87642 -0.20126 0.00000
1.00249 -22.09319 -13.85911 0.00000 0.87643 -0.20104 0.00000
1.01904 -21.96257 -13.88905 0.00000 0.87645 -0.20082 0.00000
1.03559 -21.83192 -13.91897 0.00000 0.87647 -0.20059 0.00000
1.05215 -21.70123 -13.94886 0.00000 0.87649 -0.20037 0.00000
1.06871 -21.57049 -13.97873 0.00000 0.87650 -0.20013 0.00000
1.08528 -21.43972 -14.00857 0.00000 0.87652 -0.19989 0.00000
1.10186 -21.30890 -14.03839 0.00000 0.87654 -0.19965 0.00000
1.11843 -21.17804 -14.06818 0.00000 0.87655 -0.19941 0.00000
1.13502 -21.04714 -14.09794 0.00000 0.87657 -0.19916 0.00000
1.15161 -20.91619 -14.12767 0.00000 0.87658 -0.19890 0.00000
1.16820 -20.78520 -14.15737 0.00000 0.87660 -0.19864 0.00000
1.18480 -20.65417 -14.18704 0.00000 0.87661 -0.19838 0.00000
1.20140 -20.52309 -14.21669 0.00000 0.87663 -0.19811 0.00000
1.21801 -20.39197 -14.24630 0.00000 0.87664 -0.19784 0.00000
1.23463 -20.26080 -14.27588 0.00000 0.87665 -0.19756 0.00000
1.25125 -20.12959 -14.30543 0.00000 0.87667 -0.19728 0.00000
1.26788 -19.99832 -14.33495 0.00000 0.87668 -0.19699 0.00000
1.28451 -19.86702 -14.36443 0.00000 0.87669 -0.19670 0.00000
1.30115 -19.73566 -14.39388 0.00000 0.87670 -0.19640 0.00000
1.31779 -19.60425 -14.42330 0.00000 0.87671 -0.19610 0.00000
1.33444 -19.47280 -14.45268 0.00000 0.87672 -0.19579 0.00000
1.35110 -19.34130 -14.48202 0.00000 0.87673 -0.19548 0.00000
1.36776 -19.20975 -14.51133 0.00000 0.87674 -0.19516 0.00000
1.38443 -19.07814 -14.54060 0.00000 0.87675 -0.19484 0.00000
1.40111 -18.94649 -14.56983 0.00000 0.87676 -0.19451 0.00000
1.41779 -18.81479 -14.59903 0.00000 0.87676 -0.19418 0.00000
1.43448 -18.68303 -14.62818 0.00000 0.87677 -0.19384 0.00000
1.45117 -18.55122 -14.65729 0.00000 0.87677 -0.19349 0.00000
1.46787 -18.41936 -14.68637 0.00000 0.87678 -0.19314 0.00000
1.48458 -18.28745 -14.71540 0.00000 0.87678 -0.19278 0.00000
1.50129 -18.15548 -14.74439 0.00000 0.87678 -0.19242 0.00000
1.51801 -18.02346 -14.77333 0.00000 0.87679 -0.19205 0.00000
1.53474 -17.89138 -14.80224 0.00000 0.87679 -0.19167 0.00000
1.55148 -17.75925 -14.83109 0.00000 0.87679 -0.19129 0.00000
1.56822 -17.62706 -14.85990 0.00000 0.87679 -0.19090 0.00000
1.58497 -17.49481 -14.88867 0.00000 0.87678 -0.19050 0.00000
1.60172 -17.36251 -14.91738 0.00000 0.87678 -0.19010 0.00000
1.61849 -17.23015 -14.94605 0.00000 0.87678 -0.18969 0.00000
1.63526 -17.09773 -14.97467 0.00000 0.87677 -0.18927 0.00000
1.65204 -16.96525 -15.00323 0.00000 0.87676 -0.18885 0.00000
1.66883 -16.83271 -15.03175 0.00000 0.87676 -0.18842 0.00000
1.68562 -16.70011 -15.06021 0.00000 0.87675 -0.18798 0.00000
1.70242 -16.56746 -15.08862 0.00000 0.87673 -0.18753 0.00000
1.71923 -16.43474 -15.11697 0.00000 0.87672 -0.18708 0.00000
1.73605 -16.30196 -15.14527 0.00000 0.87671 -0.18662 0.00000
1.75288 -16.16912 -15.17351 0.00000 0.87669 -0.18615 0.00000
1.76971 -16.03621 -15.20170 0.00000 0.87668 -0.18568 0.00000
1.78656 -15.90324 -15.22983 0.00000 0.87666 -0.18519 0.00000
1.80341 -15.77021 -15.25789 0.00000 0.87664 -0.18470 0.00000
1.82027 -15.63712 -15.28590 0.00000 0.87662 -0.18420 0.00000
1.83714 -15.50396 -15.31384 0.00000 0.87659 -0.18370 0.00000
1.85401 -15.37073 -15.34172 0.00000 0.87657 -0.18318 0.00000
1.87090 -15.23744 -15.36953 0.00000 0.87654 -0.18266 0.00000
1.88780 -15.10408 -15.39728 0.00000 0.87651 -0.18212 0.00000
1.90470 -14.97066 -15.42497 0.00000 0.87648 -0.18158 0.00000
1.92161 -14.83717 -15.45258 0.00000 0.87644 -0.18103 0.00000
1.93854 -14.70361 -15.48013 0.00000 0.87641 -0.18047 0.00000
1.95547 -14.56998 -15.50760 0.00000 0.87637 -0.17991 0.00000
1.97241 -14.43629 -15.53500 0.00000 0.87633 -0.17933 0.00000
1.98936 -14.30252 -15.56233 0.00000 0.87629 -0.17874 0.00000
2.00632 -14.16869 -15.58959 0.00000 0.87624 -0.17815 0.00000
2.02329 -14.03478 -15.61677 0.00000 0.87620 -0.17755 0.00000
2.04027 -13.90080 -15.64387 0.00000 0.87615 -0.17693 0.00000
2.05726 -13.76676 -15.67089 0.00000 0.87609 -0.17631 0.00000
2.07426 -13.63264 -15.69784 0.00000 0.87604 -0.17568 0.00000
2.09127 -13.49845 -15.72470 0.00000 0.87598 -0.17504 0.00000
2.10829 -13.36419 -15.75148 0.00000 0.87592 -0.17439 0.00000
2.12533 -13.22985 -15.77817 0.00000 0.87586 -0.17372 0.00000
2.14237 -13.09544 -15.80478 0.00000 0.87579 -0.17305 0.00000
2.15942 -12.96096 -15.83130 0.00000 0.87572 -0.17237 0.00000
2.17648 -12.82640 -15.85774 0.00000 0.87565 -0.17168 0.00000
2.19356 -12.69177 -15.88408 0.00000 0.87557 -0.17098 0.00000
2.21064 -12.55707 -15.91033 0.00000 0.87549 -0.17027 0.00000
2.22774 -12.42229 -15.93649 0.00000 0.87541 -0.16955 0.00000
2.24485 -12.28743 -15.96255 0.00000 0.87532 -0.16881 0.00000
2.26197 -12.15250 -15.98852 0.00000 0.87523 -0.16807 0.00000
2.27910 -12.01749 -16.01439 0.00000 0.87514 -0.16732 0.00000
2.29624 -11.88241 -16.04016 0.00000 0.87504 -0.16656 0.00000
2.31339 -11.74725 -16.06583 0.00000 0.87494 -0.16578 0.00000
2.33056 -11.61201 -16.09139 0.00000 0.87484 -0.16500 0.00000
2.34773 -11.47670 -16.11685 0.00000 0.87473 -0.16420 0.00000
2.36492 -11.34131 -16.14221 0.00000 0.87462 -0.16340 0.00000
2.38213 -11.20584 -16.16745 0.00000 0.87450 -0.16258 0.00000
2.39934 -11.07029 -16.19259 0.00000 0.87438 -0.16175 0.00000
2.41656 -10.93467 -16.21762 0.00000 0.87426 -0.16091 0.00000
2.43380 -10.79897 -16.24253 0.00000 0.87413 -0.16006 0.00000
2.45105 -10.66319 -16.26733 0.00000 0.87399 -0.15920 0.00000
2.46832 -10.52733 -16.29201 0.00000 0.87386 -0.15833 0.00000
2.48559 -10.39140 -16.31657 0.00000 0.87371 -0.15745 0.00000
2.50288 -10.25538 -16.34102 0.00000 0.87357 -0.15656 0.00000
2.52018 -10.11929 -16.36534 0.00000 0.87341 -0.15566 0.00000
2.53750 -9.98312 -16.38954 0.00000 0.87326 -0.15474 0.00000
2.55482 -9.84688 -16.41361 0.00000 0.87309 -0.15382 0.00000
2.57216 -9.71055 -16.43756 0.00000 0.87293 -0.15288 0.00000
2.58952 -9.57415 -16.46137 0.00000 0.87276 -0.15193 0.00000
2.60689 -9.43767 -16.48506 0.00000 0.87258 -0.15097 0.00000
2.62427 -9.30111 -16.50861 0.00000 0.87240 -0.15001 0.00000
2.64166 -9.16447 -16.53203 0.00000 0.87221 -0.14903 0.00000
2.65907 -9.02776 -16.55532 0.00000 0.87202 -0.14804 0.00000
2.67649 -8.89097 -16.57846 0.00000 0.87182 -0.14704 0.00000
2.69393 -8.75410 -16.60147 0.00000 0.87162 -0.14603 0.00000
2.71137 -8.61716 -16.62434 0.00000 0.87141 -0.14500 0.00000
2.72884 -8.48014 -16.64706 0.00000 0.87119 -0.14397 0.00000
2.74632 -8.34305 -16.66964 0.00000 0.87097 -0.14293 0.00000
2.76381 -8.20587 -16.69207 0.00000 0.87074 -0.14188 0.00000
2.78131 -8.06863 -16.71435 0.00000 0.87051 -0.14082 0.00000
2.79883 -7.93131 -16.73648 0.00000 0.87027 -0.13974 0.00000
2.81637 -7.79391 -16.75846 0.00000 0.87003 -0.13866 0.00000
2.83391 -7.65645 -16.78029 0.00000 0.86978 -0.13757 0.00000
2.85148 -7.51890 -16.80196 0.00000 0.86953 -0.13647 0.00000
2.86905 -7.38129 -16.82347 0.00000 0.86927 -0.13535 0.00000
2.88665 -7.24360 -16.84482 0.00000 0.86900 -0.13423 0.00000
2.90425 -7.10585 -16.86602 0.00000 0.86872 -0.13310 0.00000
2.92187 -6.96802 -16.88705 0.00000 0.86844 -0.13197 0.00000
2.93951 -6.83012 -16.90791 0.00000 0.86816 -0.13082 0.00000
2.95716 -6.69215 -16.92862 0.00000 0.86787 -0.12966 0.00000
2.97483 -6.55412 -16.94915 0.00000 0.86757 -0.12850 0.00000
2.99251 -6.41602 -16.96951 0.00000 0.86726 -0.12732 0.00000
3.01020 -6.27785 -16.98971 0.00000 0.86695 -0.12614 0.00000
3.02791 -6.13961 -17.00973 0.00000 0.86664 -0.12495 0.00000
3.04564 -6.00131 -17.02958 0.00000 0.86632 -0.12375 0.00000
3.06338 -5.86294 -17.04925 0.00000 0.86599 -0.12255 0.00000
3.08113 -5.72451 -17.06875 0.00000 0.86565 -0.12134 0.00000
3.09890 -5.58602 -17.08807 0.00000 0.86531 -0.12012 0.00000
3.11668 -5.44747 -17.10720 0.00000 0.86496 -0.11889 0.00000
3.13448 -5.30886 -17.12616 0.00000 0.86461 -0.11766 0.00000
3.15230 -5.17019 -17.14494 0.00000 0.86425 -0.11642 0.00000
3.17013 -5.03146 -17.16353 0.00000 0.86389 -0.11517 0.00000
3.18797 -4.89267 -17.18194 0.00000 0.86351 -0.11392 0.00000
3.20583 -4.75383 -17.20016 0.00000 0.86314 -0.11267 0.00000
3.22370 -4.61493 -17.21819 0.00000 0.86275 -0.11141 0.00000
3.24159 -4.47598 -17.23603 0.00000 0.86236 -0.11014 0.00000
3.25950 -4.33698 -17.25369 0.00000 0.86197 -0.10887 0.00000
3.27741 -4.19793 -17.27115 0.00000 0.86157 -0.10759 0.00000
3.29535 -4.05883 -17.28842 0.00000 0.86116 -0.10631 0.00000
3.31330 -3.91967 -17.30550 0.00000 0.86075 -0.10503 0.00000
3.33126 -3.78048 -17.32239 0.00000 0.86034 -0.10374 0.00000
3.34923 -3.64123 -17.33908 0.00000 0.85991 -0.10245 0.00000
3.36723 -3.50195 -17.35557 0.00000 0.85948 -0.10116 0.00000
3.38523 -3.36262 -17.37187 0.00000 0.85905 -0.09986 0.00000
3.40325 -3.22325 -17.38797 0.00000 0.85861 -0.09856 0.00000
3.42129 -3.08384 -17.40387 0.00000 0.85817 -0.09726 0.00000
3.43934 -2.94439 -17.41957 0.00000 0.85772 -0.09596 0.00000
3.45740 -2.80490 -17.43507 0.00000 0.85727 -0.09465 0.00000
3.47548 -2.66538 -17.45038 0.00000 0.85681 -0.09335 0.00000
3.49357 -2.52582 -17.46548 0.00000 0.85635 -0.09204 0.00000
3.51168 -2.38624 -17.48038 0.00000 0.85589 -0.09074 0.00000
3.52980 -2.24662 -17.49508 0.00000 0.85542 -0.08943 0.00000
3.54793 -2.10697 -17.50958 0.00000 0.85494 -0.08812 0.00000
3.56608 -1.96730 -17.52387 0.00000 0.85446 -0.08682 0.00000
3.58424 -1.82760 -17.53796 0.00000 0.85398 -0.08551 0.00000
3.60241 -1.68787 -17.55185 0.00000 0.85350 -0.08421 0.00000
3.62060 -1.54812 -17.56554 0.00000 0.85301 -0.08291 0.00000
3.63880 -1.40835 -17.57902 0.00000 0.85252 -0.08161 0.00000
3.65702 -1.26856 -17.59230 0.00000 0.85202 -0.08031 0.00000
3.67524 -1.12876 -17.60537 0.00000 0.85152 -0.07902 0.00000
3.69348 -0.98893 -17.61825 0.00000 0.85102 -0.07772 0.00000
3.71174 -0.84910 -17.63092 0.00000 0.85052 -0.07643 0.00000
3.73000 -0.70924 -17.64338 0.00000 0.85001 -0.07515 0.00000
3.74828 -0.56938 -17.65565 0.00000 0.84950 -0.07387 0.00000
3.76657 -0.42951 -17.66771 0.00000 0.84899 -0.07259 0.00000
3.78487 -0.28963 -17.67956 0.00000 0.84848 -0.07131 0.00000
3.80318 -0.14974 -17.69122 0.00000 0.84797 -0.07004 0.00000
3.82151 -0.00984 -17.70267 0.00000 0.84745 -0.06878 0.00000
3.83985 0.13005 -17.71393 0.00000 0.84694 -0.06752 0.00000
3.85820 0.26995 -17.72498 0.00000 0.84642 -0.06626 0.00000
3.87656 0.40985 -17.73583 0.00000 0.84590 -0.06501 0.00000
3.89493 0.54975 -17.74649 0.00000 0.84538 -0.06377 0.00000
3.91331 0.68965 -17.75694 0.00000 0.84486 -0.06253 0.00000
3.93170 0.82954 -17.76720 0.00000 0.84434 -0.06130 0.00000
3.95011 0.96943 -17.77725 0.00000 0.84382 -0.06008 0.00000
3.96852 1.10931 -17.78712 0.00000 0.84330 -0.05886 0.00000
3.98695 1.24918 -17.79678 0.00000 0.84278 -0.05765 0.00000
4.00538 1.38904 -17.80625 0.00000 0.84226 -0.05645 0.00000
4.02382 1.52889 -17.81553 0.00000 0.84174 -0.05526 0.00000
4.04228 1.66873 -17.82461 0.00000 0.84123 -0.05407 0.00000
4.06074 1.80855 -17.83350 0.00000 0.84071 -0.05289 0.00000
4.07921 1.94835 -17.84221 0.00000 0.84019 -0.05172 0.00000
4.09769 2.08814 -17.85072 0.00000 0.83968 -0.05056 0.00000
4.11619 2.22791 -17.85904 0.00000 0.83917 -0.04940 0.00000
4.13468 2.36767 -17.86717 0.00000 0.83866 -0.04826 0.00000
4.15319 2.50740 -17.87512 0.00000 0.83815 -0.04712 0.00000
4.17171 2.64711 -17.88288 0.00000 0.83764 -0.04600 0.00000
4.19023 2.78679 -17.89046 0.00000 0.83714 -0.04488 0.00000
4.20876 2.92645 -17.89786 0.00000 0.83663 -0.04377 0.00000
4.22730 3.06608 -17.90508 0.00000 0.83613 -0.04267 0.00000
4.24585 3.20569 -17.91211 0.00000 0.83564 -0.04158 0.00000
4.26440 3.34527 -17.91897 0.00000 0.83514 -0.04050 0.00000
4.28296 3.48482 -17.92565 0.00000 0.83465 -0.03943 0.00000
4.30153 3.62434 -17.93215 0.00000 0.83417 -0.03837 0.00000
4.32011 3.76382 -17.93848 0.00000 0.83368 -0.03732 0.00000
4.33869 3.90328 -17.94464 0.00000 0.83320 -0.03628 0.00000
4.35728 4.04270 -17.95063 0.00000 0.83273 -0.03525 0.00000
4.37587 4.18209 -17.95645 0.00000 0.83226 -0.03424 0.00000
4.39447 4.32144 -17.96209 0.00000 0.83179 -0.03323 0.00000
4.41307 4.46075 -17.96758 0.00000 0.83132 -0.03223 0.00000
4.43168 4.60003 -17.97290 0.00000 0.83086 -0.03124 0.00000
4.45030 4.73927 -17.97805 0.00000 0.83041 -0.03027 0.00000
4.46892 4.87847 -17.98304 0.00000 0.82996 -0.02930 0.00000
4.48754 5.01763 -17.98788 0.00000 0.82951 -0.02834 0.00000
4.50617 5.15675 -17.99255 0.00000 0.82907 -0.02740 0.00000
4.52480 5.29583 -17.99707 0.00000 0.82864 -0.02647 0.00000
4.54344 5.43487 -18.00144 0.00000 0.82821 -0.02554 0.00000
4.56208 5.57386 -18.00565 0.00000 0.82778 -0.02463 0.00000
4.58073 5.71281 -18.00971 0.00000 0.82736 -0.02373 0.00000
4.59938 5.85172 -18.01362 0.00000 0.82694 -0.02284 0.00000
4.61803 5.99058 -18.01738 0.00000 0.82653 -0.02196 0.00000
4.63668 6.12939 -18.02100 0.00000 0.82613 -0.02109 0.00000
4.65534 6.26817 -18.02447 0.00000 0.82573 -0.02023 0.00000
4.67400 6.40689 -18.02779 0.00000 0.82534 -0.01938 0.00000
4.69267 6.54557 -18.03098 0.00000 0.82495 -0.01855 0.00000
4.71133 6.68420 -18.03403 0.00000 0.82457 -0.01772 0.00000
4.73000 6.82278 -18.03694 0.00000 0.82419 -0.01690 0.00000
4.74867 6.96132 -18.03971 0.00000 0.82382 -0.01610 0.00000
4.76734 7.09980 -18.04235 0.00000 0.82346 -0.01531 0.00000
4.78601 7.23824 -18.04486 0.00000 0.82310 -0.01452 0.00000
4.80469 7.37663 -18.04724 0.00000 0.82275 -0.01375 0.00000
4.82336 7.51497 -18.04949 0.00000 0.82240 -0.01299 0.00000
4.84204 7.65326 -18.05161 0.00000 0.82206 -0.01223 0.00000
4.86072 7.79150 -18.05360 0.00000 0.82173 -0.01149 0.00000
4.87940 7.92969 -18.05547 0.00000 0.82140 -0.01076 0.00000
4.89808 8.06783 -18.05722 0.00000 0.82108 -0.01004 0.00000
4.91676 8.20591 -18.05885 0.00000 0.82077 -0.00933 0.00000
4.93543 8.34395 -18.06036 0.00000 0.82046 -0.00863 0.00000
4.95411 8.48194 -18.06176 0.00000 0.82016 -0.00794 0.00000
4.97279 8.61987 -18.06303 0.00000 0.81986 -0.00725 0.00000
4.99147 8.75776 -18.06420 0.00000 0.81957 -0.00658 0.00000
5.01015 8.89559 -18.06525 0.00000 0.81929 -0.00592 0.00000
5.02883 9.03337 -18.06619 0.00000 0.81901 -0.00527 0.00000
5.04751 9.17110 -18.06702 0.00000 0.81874 -0.00463 0.00000
5.06618 9.30878 -18.06775 0.00000 0.81848 -0.00399 0.00000
5.08486 9.44640 -18.06836 0.00000 0.81822 -0.00337 0.00000
5.10353 9.58398 -18.06888 0.00000 0.81797 -0.00276 0.00000
5.12221 9.72150 -18.06929 0.00000 0.81772 -0.00215 0.00000
5.14088 9.85897 -18.06960 0.00000 0.81748 -0.00155 0.00000
5.15955 9.99639 -18.06982 0.00000 0.81725 -0.00097 0.00000
5.17822 10.13376 -18.06993 0.00000 0.81702 -0.00039 0.00000
5.19688 10.27108 -18.06995 0.00000 0.81680 0.00018 0.00000
5.21555 10.40835 -18.06987 0.00000 0.81659 0.00074 0.00000
5.23421 10.54556 -18.06970 0.00000 0.81638 0.00129 0.00000
5.25287 10.68273 -18.06944 0.00000 0.81617 0.00184 0.00000
5.27153 10.81984 -18.06908 0.00000 0.81598 0.00237 0.00000
5.29018 10.95691 -18.06864 0.00000 0.81579 0.00290 0.00000
5.30884 11.09392 -18.06811 0.00000 0.81560 0.00342 0.00000
5.32749 11.23088 -18.06749 0.00000 0.81542 0.00393 0.00000
5.34613 11.36779 -18.06679 0.00000 0.81525 0.00443 0.00000
5.36478 11.50465 -18.06601 0.00000 0.81508 0.00492 0.00000
5.38342 11.64147 -18.06514 0.00000 0.81492 0.00541 0.00000
5.40206 11.77823 -18.06419 0.00000 0.81477 0.00589 0.00000
5.42069 11.91494 -18.06316 0.00000 0.81462 0.00636 0.00000
5.43932 12.05161 -18.06206 0.00000 0.81447 0.00682 0.00000
5.45795 12.18822 -18.06088 0.00000 0.81434 0.00728 0.00000
5.47658 12.32479 -18.05962 0.00000 0.81420 0.00773 0.00000
5.49520 12.46130 -18.05828 0.00000 0.81407 0.00817 0.00000
5.51382 12.59777 -18.05688 0.00000 0.81395 0.00860 0.00000
5.53243 12.73420 -18.05540 0.00000 0.81384 0.00903 0.00000
5.55104 12.87057 -18.05385 0.00000 0.81372 0.00945 0.00000
5.56964 13.00690 -18.05223 0.00000 0.81362 0.00987 0.00000
5.58825 13.14318 -18.05055 0.00000 0.81352 0.01027 0.00000
5.60684 13.27941 -18.04879 0.00000 0.81342 0.01067 0.00000
5.62544 13.41560 -18.04697 0.00000 0.81333 0.01107 0.00000
5.64403 13.55174 -18.04509 0.00000 0.81324 0.01146 0.00000
5.66261 13.68784 -18.04314 0.00000 0.81316 0.01184 0.00000
5.68119 13.82389 -18.04113 0.00000 0.81309 0.01221 0.00000
5.69977 13.95989 -18.03905 0.00000 0.81302 0.01258 0.00000
5.71834 14.09585 -18.03692 0.00000 0.81295 0.01294 0.00000
5.73690 14.23177 -18.03472 0.00000 0.81289 0.01330 0.00000
5.75547 14.36764 -18.03247 0.00000 0.81283 0.01365 0.00000
5.77402 14.50346 -18.03016 0.00000 0.81278 0.01400 0.00000
5.79258 14.63925 -18.02779 0.00000 0.81273 0.01434 0.00000
5.81112 14.77499 -18.02537 0.00000 0.81269 0.01467 0.00000
5.82967 14.91069 -18.02289 0.00000 0.81265 0.01500 0.00000
5.84820 15.04634 -18.02036 0.00000 0.81261 0.01533 0.00000
5.86674 15.18195 -18.01777 0.00000 0.81258 0.01565 0.00000
5.88526 15.31753 -18.01514 0.00000 0.81256 0.01596 0.00000
5.90379 15.45306 -18.01245 0.00000 0.81254 0.01627 0.00000
5.92230 15.58854 -18.00971 0.00000 0.81252 0.01657 0.00000
5.94081 15.72399 -18.00693 0.00000 0.81250 0.01687 0.00000
5.95932 15.85940 -18.00409 0.00000 0.81249 0.01716 0.00000
5.97782 15.99477 -18.00121 0.00000 0.81249 0.01745 0.00000
5.99632 16.13010 -17.99828 0.00000 0.81248 0.01773 0.00000
6.01481 16.26538 -17.99530 0.00000 0.81249 0.01801 0.00000
6.03330 16.40063 -17.99228 0.00000 0.81249 0.01829 0.00000
6.05178 16.53584 -17.98921 0.00000 0.81250 0.01856 0.00000
6.07025 16.67102 -17.98610 0.00000 0.81251 0.01882 0.00000
6.08872 16.80615 -17.98295 0.00000 0.81253 0.01908 0.00000
6.10718 16.94125 -17.97976 0.00000 0.81255 0.01934 0.00000
6.12564 17.07631 -17.97652 0.00000 0.81257 0.01959 0.00000
6.14409 17.21133 -17.97325 0.00000 0.81259 0.01984 0.00000
6.16254 17.34632 -17.96993 0.00000 0.81262 0.02009 0.00000
6.18098 17.48127 -17.96657 0.00000 0.81265 0.02033 0.00000
6.19942 17.61618 -17.96318 0.00000 0.81269 0.02057 0.00000
6.21785 17.75106 -17.95975 0.00000 0.81273 0.02080 0.00000
6.23627 17.88591 -17.95628 0.00000 0.81277 0.02103 0.00000
6.25469 18.02072 -17.95277 0.00000 0.81281 0.02125 0.00000
6.27310 18.15549 -17.94923 0.00000 0.81286 0.02148 0.00000
6.29151 18.29023 -17.94565 0.00000 0.81291 0.02170 0.00000
6.30991 18.42494 -17.94204 0.00000 0.81296 0.02191 0.00000
6.32830 18.55961 -17.93839 0.00000 0.81302 0.02212 0.00000
6.34669 18.69426 -17.93471 0.00000 0.81308 0.02233 0.00000
6.36508 18.82886 -17.93099 0.00000 0.81314 0.02253 0.00000
6.38346 18.96344 -17.92725 0.00000 0.81320 0.02274 0.00000
6.40183 19.09798 -17.92347 0.00000 0.81327 0.02294 0.00000
6.42019 19.23249 -17.91966 0.00000 0.81334 0.02313 0.00000
6.43855 19.36698 -17.91582 0.00000 0.81341 0.02332 0.00000
6.45691 19.50142 -17.91195 0.00000 0.81348 0.02351 0.00000
6.47526 19.63584 -17.90805 0.00000 0.81356 0.02370 0.00000
6.49360 19.77023 -17.90412 0.00000 0.81364 0.02388 0.00000
6.51194 19.90459 -17.90016 0.00000 0.81372 0.02406 0.00000
6.53027 20.03892 -17.89617 0.00000 0.81380 0.02424 0.00000
6.54859 20.17322 -17.89216 0.00000 0.81388 0.02441 0.00000
6.56691 20.30749 -17.88812 0.00000 0.81397 0.02459 0.00000
6.58522 20.44173 -17.88405 0.00000 0.81406 0.02476 0.00000
6.60353 20.57594 -17.87996 0.00000 0.81415 0.02492 0.00000
6.62183 20.71013 -17.87583 0.00000 0.81424 0.02509 0.00000
6.64013 20.84428 -17.87169 0.00000 0.81433 0.02525 0.00000
6.65842 20.97841 -17.86752 0.00000 0.81443 0.02541 0.00000
6.67670 21.11251 -17.86332 0.00000 0.81453 0.02556 0.00000
6.69498 21.24659 -17.85910 0.00000 0.81463 0.02572 0.00000
6.71325 21.38063 -17.85485 0.00000 0.81473 0.02587 0.00000
6.73152 21.51466 -17.85059 0.00000 0.81483 0.02602 0.00000
6.74978 21.64865 -17.84630 0.00000 0.81494 0.02617 0.00000
6.76803 21.78262 -17.84198 0.00000 0.81504 0.02631 0.00000
6.78628 21.91656 -17.83765 0.00000 0.81515 0.02646 0.00000
6.80452 22.05048 -17.83329 0.00000 0.81526 0.02660 0.00000
6.82276 22.18438 -17.82891 0.00000 0.81537 0.02674 0.00000
6.84099 22.31825 -17.82451 0.00000 0.81549 0.02687 0.00000
6.85922 22.45209 -17.82009 0.00000 0.81560 0.02701 0.00000
6.87743 22.58591 -17.81565 0.00000 0.81571 0.02714 0.00000
6.89565 22.71971 -17.81118 0.00000 0.81583 0.02727 0.00000
6.91385 22.85348 -17.80670 0.00000 0.81595 0.02740 0.00000
6.93206 22.98723 -17.80220 0.00000 0.81607 0.02753 0.00000
6.95025 23.12096 -17.79768 0.00000 0.81619 0.02765 0.00000
6.96844 23.25466 -17.79314 0.00000 0.81631 0.02777 0.00000
6.98663 23.38834 -17.78858 0.00000 0.81643 0.02789 0.00000
7.00480 23.52200 -17.78401 0.00000 0.81656 0.02801 0.00000
7.02298 23.65564 -17.77941 0.00000 0.81668 0.02813 0.00000
7.04114 23.78925 -17.77480 0.00000 0.81681 0.02825 0.00000
7.05930 23.92284 -17.77017 0.00000 0.81693 0.02836 0.00000
7.07746 24.05642 -17.76553 0.00000 0.81706 0.02848 0.00000
7.09561 24.18997 -17.76086 0.00000 0.81719 0.02859 0.00000
7.11375 24.32350 -17.75618 0.00000 0.81732 0.02870 0.00000
7.13189 24.45701 -17.75149 0.00000 0.81745 0.02880 0.00000
7.15002 24.59050 -17.74678 0.00000 0.81758 0.02891 0.00000
7.16815 24.72397 -17.74205 0.00000 0.81772 0.02902 0.00000
7.18627 24.85741 -17.73730 0.00000 0.81785 0.02912 0.00000
7.20439 24.99084 -17.73255 0.00000 0.81798 0.02922 0.00000
7.22250 25.12425 -17.72777 0.00000 0.81812 0.02932 0.00000
7.24060 25.25764 -17.72298 0.00000 0.81825 0.02942 0.00000
7.25870 25.39102 -17.71818 0.00000 0.81839 0.02952 0.00000
7.27680 25.52437 -17.71336 0.00000 0.81853 0.02962 0.00000
7.29488 25.65770 -17.70853 0.00000 0.81866 0.02971 0.00000
7.31296 25.79102 -17.70369 0.00000 0.81880 0.02980 0.00000
7.33104 25.92432 -17.69883 0.00000 0.81894 0.02990 0.00000
7.34911 26.05760 -17.69395 0.00000 0.81908 0.02999 0.00000
7.36718 26.19086 -17.68907 0.00000 0.81922 0.03008 0.00000
7.38524 26.32411 -17.68417 0.00000 0.81936 0.03017 0.00000
7.40329 26.45733 -17.67926 0.00000 0.81950 0.03025 0.00000
7.42134 26.59054 -17.67433 0.00000 0.81965 0.03034 0.00000
7.43939 26.72374 -17.66940 0.00000 0.81979 0.03043 0.00000
7.45742 26.85692 -17.66445 0.00000 0.81993 0.03051 0.00000
7.47546 26.99008 -17.65949 0.00000 0.82008 0.03059 0.00000
7.49349 27.12322 -17.65451 0.00000 0.82022 0.03068 0.00000
7.51151 27.25635 -17.64953 0.00000 0.82036 0.03076 0.00000
7.52953 27.38946 -17.64453 0.00000 0.82051 0.03084 0.00000
7.54754 27.52256 -17.63952 0.00000 0.82065 0.03091 0.00000
7.56554 27.65564 -17.63450 0.00000 0.82080 0.03099 0.00000
7.58354 27.78870 -17.62947 0.00000 0.82094 0.03107 0.00000
7.60154 27.92175 -17.62443 0.00000 0.82109 0.03115 0.00000
7.61953 28.05479 -17.61938 0.00000 0.82124 0.03122 0.00000
7.63752 28.18781 -17.61432 0.00000 0.82138 0.03129 0.00000
7.65550 28.32081 -17.60925 0.00000 0.82153 0.03137 0.00000
7.67347 28.45381 -17.60416 0.00000 0.82168 0.03144 0.00000
7.69144 28.58678 -17.59907 0.00000 0.82182 0.03151 0.00000
7.70941 28.71975 -17.59397 0.00000 0.82197 0.03158 0.00000
7.72737 28.85270 -17.58885 0.00000 0.82212 0.03165 0.00000
7.74532 28.98563 -17.58373 0.00000 0.82227 0.03172 0.00000
7.76327 29.11855 -17.57860 0.00000 0.82242 0.03179 0.00000
7.78121 29.25146 -17.57346 0.00000 0.82256 0.03185 0.00000
7.79915 29.38435 -17.56830 0.00000 0.82271 0.03192 0.00000
7.81709 29.51724 -17.56314 0.00000 0.82286 0.03198 0.00000
7.83502 29.65011 -17.55798 0.00000 0.82301 0.03205 0.00000
7.85294 29.78296 -17.55280 0.00000 0.82316 0.03211 0.00000
7.87086 29.91580 -17.54761 0.00000 0.82331 0.03217 0.00000
7.88878 30.04863 -17.54241 0.00000 0.82346 0.03224 0.00000
7.90669 30.18145 -17.53721 0.00000 0.82361 0.03230 0.00000
7.92459 30.31426 -17.53200 0.00000 0.82376 0.03236 0.00000
7.94249 30.44705 -17.52678 0.00000 0.82391 0.03242 0.00000
7.96039 30.57984 -17.52155 0.00000 0.82406 0.03248 0.00000
7.97828 30.71261 -17.51631 0.00000 0.82421 0.03254 0.00000
7.99616 30.84536 -17.51107 0.00000 0.82435 0.03259 0.00000
8.01404 30.97811 -17.50581 0.00000 0.82450 0.03265 0.00000
8.03192 31.11085 -17.50055 0.00000 0.82465 0.03271 0.00000
8.04979 31.24357 -17.49528 0.00000 0.82480 0.03276 0.00000
8.06766 31.37629 -17.49001 0.00000 0.82495 0.03282 0.00000
8.08552 31.50899 -17.48473 0.00000 0.82510 0.03287 0.00000
8.10337 31.64168 -17.47943 0.00000 0.82525 0.03293 0.00000
8.12123 31.77436 -17.47414 0.00000 0.82540 0.03298 0.00000
8.13907 31.90703 -17.46883 0.00000 0.82555 0.03303 0.00000
8.15692 32.03969 -17.46352 0.00000 0.82570 0.03309 0.00000
8.17476 32.17234 -17.45820 0.00000 0.82585 0.03314 0.00000
8.19259 32.30498 -17.45287 0.00000 0.82600 0.03319 0.00000
8.21042 32.43761 -17.44754 0.00000 0.82615 0.03324 0.00000
8.22824 32.57023 -17.44220 0.00000 0.82630 0.03329 0.00000
8.24606 32.70284 -17.43686 0.00000 0.82644 0.03334 0.00000
8.26388 32.83544 -17.43150 0.00000 0.82659 0.03339 0.00000
8.28169 32.96803 -17.42614 0.00000 0.82674 0.03344 0.00000
8.29950 33.10061 -17.42078 0.00000 0.82689 0.03349 0.00000
8.31730 33.23319 -17.41541 0.00000 0.82704 0.03353 0.00000
8.33510 33.36575 -17.41003 0.00000 0.82719 0.03358 0.00000
8.35289 33.49830 -17.40464 0.00000 0.82733 0.03363 0.00000
8.37068 33.63085 -17.39925 0.00000 0.82748 0.03367 0.00000
8.38846 33.76339 -17.39386 0.00000 0.82763 0.03372 0.00000
8.40624 33.89591 -17.38846 0.00000 0.82778 0.03376 0.00000
8.42402 34.02843 -17.38305 0.00000 0.82793 0.03381 0.00000
8.44179 34.16094 -17.37763 0.00000 0.82807 0.03385 0.00000
8.45956 34.29345 -17.37221 0.00000 0.82822 0.03390 0.00000
8.47732 34.42594 -17.36679 0.00000 0.82837 0.03394 0.00000
8.49508 34.55843 -17.36136 0.00000 0.82851 0.03398 0.00000
8.51284 34.69090 -17.35592 0.00000 0.82866 0.03402 0.00000
8.53059 34.82337 -17.35048 0.00000 0.82881 0.03407 0.00000
8.54833 34.95583 -17.34503 0.00000 0.82895 0.03411 0.00000
8.56608 35.08829 -17.33958 0.00000 0.82910 0.03415 0.00000
8.58381 35.22074 -17.33412 0.00000 0.82924 0.03419 0.00000
8.60155 35.35318 -17.32866 0.00000 0.82939 0.03423 0.00000
8.61928 35.48561 -17.32319 0.00000 0.82953 0.03427 0.00000
8.63700 35.61803 -17.31771 0.00000 0.82968 0.03431 0.00000
8.65473 35.75045 -17.31224 0.00000 0.82982 0.03435 0.00000
8.67244 35.88286 -17.30675 0.00000 0.82997 0.03439 0.00000
8.69016 36.01526 -17.30126 0.00000 0.83011 0.03443 0.00000
8.70787 36.14766 -17.29577 0.00000 0.83026 0.03447 0.00000
8.72557 36.28005 -17.29027 0.00000 0.83040 0.03450 0.00000
8.74328 36.41243 -17.28477 0.00000 0.83054 0.03454 0.00000
8.76097 36.54481 -17.27926 0.00000 0.83069 0.03458 0.00000
8.77867 36.67718 -17.27375 0.00000 0.83083 0.03462 0.00000
8.79636 36.80954 -17.26823 0.00000 0.83097 0.03465 0.00000
8.81404 36.94190 -17.26271 0.00000 0.83111 0.03469 0.00000
8.83173 37.07425 -17.25718 0.00000 0.83126 0.03472 0.00000
8.84940 37.20659 -17.25165 0.00000 0.83140 0.03476 0.00000
8.86708 37.33893 -17.24612 0.00000 0.83154 0.03480 0.00000
8.88475 37.47126 -17.24058 0.00000 0.83168 0.03483 0.00000
8.90242 37.60359 -17.23503 0.00000 0.83182 0.03487 0.00000
8.92008 37.73591 -17.22948 0.00000 0.83196 0.03490 0.00000
8.93774 37.86822 -17.22393 0.00000 0.83210 0.03494 0.00000
8.95539 38.00053 -17.21837 0.00000 0.83224 0.03497 0.00000
8.97305 38.13284 -17.21281 0.00000 0.83238 0.03500 0.00000
8.99070 38.26514 -17.20725 0.00000 0.83252 0.03504 0.00000
9.00834 38.39743 -17.20168 0.00000 0.83266 0.03507 0.00000
9.02598 38.52972 -17.19610 0.00000 0.83280 0.03510 0.00000
9.04362 38.66200 -17.19053 0.00000 0.83294 0.03514 0.00000
9.06125 38.79428 -17.18494 0.00000 0.83308 0.03517 0.00000
9.07888 38.92655 -17.17936 0.00000 0.83321 0.03520 0.00000
9.09651 39.05882 -17.17377 0.00000 0.83335 0.03523 0.00000
9.11413 39.19108 -17.16817 0.00000 0.83349 0.03526 0.00000
9.13175 39.32334 -17.16258 0.00000 0.83363 0.03530 0.00000
9.14937 39.45559 -17.15697 0.00000 0.83376 0.03533 0.00000
9.16698 39.58784 -17.15137 0.00000 0.83390 0.03536 0.00000
9.18459 39.72008 -17.14576 0.00000 0.83404 0.03539 0.00000
9.20220 39.85232 -17.14015 0.00000 0.83417 0.03542 0.00000
9.21980 39.98455 -17.13453 0.00000 0.83431 0.03545 0.00000
9.23740 40.11678 -17.12891 0.00000 0.83444 0.03548 0.00000
9.25499 40.24901 -17.12329 0.00000 0.83458 0.03551 0.00000
9.27258 40.38123 -17.11766 0.00000 0.83471 0.03554 0.00000
9.29017 40.51345 -17.11203 0.00000 0.83484 0.03557 0.00000
9.30776 40.64566 -17.10639 0.00000 0.83498 0.03560 0.00000
9.32534 40.77787 -17.10075 0.00000 0.83511 0.03563 0.00000
9.34292 40.91008 -17.09511 0.00000 0.83524 0.03566 0.00000
9.36049 41.04228 -17.08947 0.00000 0.83538 0.03569 0.00000
9.37806 41.17448 -17.08382 0.00000 0.83551 0.03571 0.00000
9.39563 41.30667 -17.07816 0.00000 0.83564 0.03574 0.00000
9.41320 41.43887 -17.07251 0.00000 0.83577 0.03577 0.00000
9.43076 41.57105 -17.06685 0.00000 0.83591 0.03580 0.00000
9.44832 41.70324 -17.06119 0.00000 0.83604 0.03583 0.00000
9.46588 41.83542 -17.05552 0.00000 0.83617 0.03586 0.00000
9.48343 41.96760 -17.04985 0.00000 0.83630 0.03588 0.00000
9.50098 42.09977 -17.04418 0.00000 0.83643 0.03591 0.00000
9.51852 42.23194 -17.03850 0.00000 0.83656 0.03594 0.00000
9.53607 42.36411 -17.03282 0.00000 0.83669 0.03597 0.00000
9.55361 42.49627 -17.02714 0.00000 0.83682 0.03599 0.00000
9.57114 42.62843 -17.02145 0.00000 0.83694 0.03602 0.00000
9.58868 42.76059 -17.01576 0.00000 0.83707 0.03605 0.00000
9.60621 42.89275 -17.01007 0.00000 0.83720 0.03607 0.00000
9.62374 43.02490 -17.00437 0.00000 0.83733 0.03610 0.00000
9.64126 43.15705 -16.99868 0.00000 0.83746 0.03613 0.00000
9.65878 43.28920 -16.99297 0.00000 0.83758 0.03615 0.00000
9.67630 43.42135 -16.98727 0.00000 0.83771 0.03618 0.00000
9.69382 43.55349 -16.98156 0.00000 0.83784 0.03620 0.00000
9.71133 43.68563 -16.97585 0.00000 0.83796 0.03623 0.00000
9.72884 43.81777 -16.97013 0.00000 0.83809 0.03626 0.00000
9.74635 43.94990 -16.96442 0.00000 0.83821 0.03628 0.00000
9.76385 44.08204 -16.95869 0.00000 0.83834 0.03631 0.00000
9.78135 44.21417 -16.95297 0.00000 0.83846 0.03633 0.00000
9.79885 44.34630 -16.94724 0.00000 0.83859 0.03636 0.00000
9.81634 44.47842 -16.94151 0.00000 0.83871 0.03638 0.00000
9.83384 44.61055 -16.93578 0.00000 0.83883 0.03641 0.00000
9.85133 44.74267 -16.93004 0.00000 0.83896 0.03643 0.00000
9.86881 44.87479 -16.92431 0.00000 0.83908 0.03646 0.00000
9.88630 45.00691 -16.91856 0.00000 0.83920 0.03648 0.00000
9.90378 45.13903 -16.91282 0.00000 0.83932 0.03651 0.00000
9.92126 45.27115 -16.90707 0.00000 0.83945 0.03653 0.00000
9.93873 45.40326 -16.90132 0.00000 0.83957 0.03656 0.00000
9.95621 45.53537 -16.89557 0.00000 0.83969 0.03658 0.00000
9.97368 45.66749 -16.88981 0.00000 0.83981 0.03660 0.00000
9.99114 45.79960 -16.88405 0.00000 0.83993 0.03663 0.00000
10.00861 45.93170 -16.87829 0.00000 0.84005 0.03665 0.00000
10.02607 46.06381 -16.87252 0.00000 0.84017 0.03668 0.00000
10.04353 46.19592 -16.86675 0.00000 0.84029 0.03670 0.00000
10.06099 46.32802 -16.86098 0.00000 0.84041 0.03672 0.00000
10.07844 46.46013 -16.85521 0.00000 0.84053 0.03675 0.00000
10.09589 46.59223 -16.84943 0.00000 0.84065 0.03677 0.00000
10.11334 46.72433 -16.84365 0.00000 0.84076 0.03680 0.00000
10.13079 46.85643 -16.83787 0.00000 0.84088 0.03682 0.00000
10.14823 46.98853 -16.83208 0.00000 0.84100 0.03684 0.00000
10.16568 47.12063 -16.82629 0.00000 0.84112 0.03687 0.00000
10.18311 47.25273 -16.82050 0.00000 0.84123 0.03689 0.00000
10.20055 47.38483 -16.81471 0.00000 0.84135 0.03691 0.00000
10.21798 47.51692 -16.80891 0.00000 0.84147 0.03694 0.00000
10.23542 47.64902 -16.80311 0.00000 0.84158 0.03696 0.00000
10.25284 47.78111 -16.79731 0.00000 0.84170 0.03698 0.00000
10.27027 47.91321 -16.79150 0.00000 0.84181 0.03701 0.00000
10.28770 48.04530 -16.78569 0.00000 0.84193 0.03703 0.00000
10.30512 48.17740 -16.77988 0.00000 0.84204 0.03705 0.00000
10.32254 48.30949 -16.77407 0.00000 0.84216 0.03708 0.00000
10.33995 48.44159 -16.76825 0.00000 0.84227 0.03710 0.00000
10.35737 48.57368 -16.76243 0.00000 0.84238 0.03712 0.00000
10.37478 48.70577 -16.75661 0.00000 0.84250 0.03715 0.00000
10.39219 48.83787 -16.75078 0.00000 0.84261 0.03717 0.00000
10.40960 48.96996 -16.74496 0.00000 0.84272 0.03719 0.00000
10.42700 49.10205 -16.73912 0.00000 0.84283 0.03721 0.00000
10.44441 49.23415 -16.73329 0.00000 0.84294 0.03724 0.00000
10.46181 49.36624 -16.72745 0.00000 0.84306 0.03726 0.00000
10.47920 49.49834 -16.72161 0.00000 0.84317 0.03728 0.00000
10.49660 49.63043 -16.71577 0.00000 0.84328 0.03731 0.00000
10.51399 49.76252 -16.70993 0.00000 0.84339 0.03733 0.00000
10.53139 49.89462 -16.70408 0.00000 0.84350 0.03735 0.00000
10.54878 50.02672 -16.69823 0.00000 0.84361 0.03737 0.00000
10.56616 50.15881 -16.69237 0.00000 0.84372 0.03740 0.00000
10.58355 50.29091 -16.68652 0.00000 0.84383 0.03742 0.00000
10.60093 50.42301 -16.68066 0.00000 0.84394 0.03744 0.00000
10.61831 50.55510 -16.67480 0.00000 0.84404 0.03747 0.00000
10.63569 50.68720 -16.66893 0.00000 0.84415 0.03749 0.00000
10.65307 50.81930 -16.66306 0.00000 0.84426 0.03751 0.00000
10.67044 50.95140 -16.65719 0.00000 0.84437 0.03753 0.00000
10.68781 51.08350 -16.65132 0.00000 0.84448 0.03756 0.00000
10.70518 51.21561 -16.64544 0.00000 0.84458 0.03758 0.00000
10.72255 51.34771 -16.63956 0.00000 0.84469 0.03760 0.00000
10.73992 51.47981 -16.63368 0.00000 0.84480 0.03762 0.00000
10.75728 51.61192 -16.62780 0.00000 0.84490 0.03765 0.00000
10.77464 51.74403 -16.62191 0.00000 0.84501 0.03767 0.00000
10.79200 51.87613 -16.61602 0.00000 0.84511 0.03769 0.00000
10.80936 52.00824 -16.61013 0.00000 0.84522 0.03772 0.00000
10.82672 52.14035 -16.60423 0.00000 0.84532 0.03774 0.00000
10.84407 52.27247 -16.59833 0.00000 0.84543 0.03776 0.00000
10.86143 52.40458 -16.59243 0.00000 0.84553 0.03778 0.00000
10.87878 52.53670 -16.58652 0.00000 0.84564 0.03781 0.00000
10.89612 52.66881 -16.58061 0.00000 0.84574 0.03783 0.00000
10.91347 52.80093 -16.57470 0.00000 0.84584 0.03785 0.00000
10.93082 52.93305 -16.56879 0.00000 0.84595 0.03788 0.00000
10.94816 53.06518 -16.56287 0.00000 0.84605 0.03790 0.00000
10.96550 53.19730 -16.55695 0.00000 0.84615 0.03792 0.00000
10.98284 53.32943 -16.55103 0.00000 0.84625 0.03795 0.00000
11.00018 53.46155 -16.54510 0.00000 0.84635 0.03797 0.00000
11.01751 53.59368 -16.53917 0.00000 0.84646 0.03799 0.00000
11.03484 53.72582 -16.53324 0.00000 0.84656 0.03801 0.00000
11.05218 53.85795 -16.52731 0.00000 0.84666 0.03804 0.00000
11.06951 53.99009 -16.52137 0.00000 0.84676 0.03806 0.00000
11.08683 54.12223 -16.51543 0.00000 0.84686 0.03809 0.00000
11.10416 54.25437 -16.50948 0.00000 0.84696 0.03811 0.00000
11.12149 54.38651 -16.50354 0.00000 0.84706 0.03813 0.00000
11.13881 54.51866 -16.49759 0.00000 0.84716 0.03816 0.00000
11.15613 54.65081 -16.49163 0.00000 0.84726 0.03818 0.00000
11.17345 54.78296 -16.48568 0.00000 0.84735 0.03820 0.00000
11.19077 54.91512 -16.47972 0.00000 0.84745 0.03823 0.00000
11.20809 55.04727 -16.47375 0.00000 0.84755 0.03825 0.00000
11.22540 55.17943 -16.46779 0.00000 0.84765 0.03827 0.00000
11.24271 55.31160 -16.46182 0.00000 0.84775 0.03830 0.00000
11.26003 55.44376 -16.45584 0.00000 0.84784 0.03832 0.00000
11.27734 55.57593 -16.44987 0.00000 0.84794 0.03835 0.00000
11.29464 55.70810 -16.44389 0.00000 0.84804 0.03837 0.00000
11.31195 55.84028 -16.43791 0.00000 0.84813 0.03840 0.00000
11.32926 55.97246 -16.43192 0.00000 0.84823 0.03842 0.00000
11.34656 56.10464 -16.42593 0.00000 0.84833 0.03844 0.00000
11.36386 56.23682 -16.41994 0.00000 0.84842 0.03847 0.00000
11.38116 56.36901 -16.41395 0.00000 0.84852 0.03849 0.00000
11.39846 56.50121 -16.40795 0.00000 0.84861 0.03852 0.00000
11.41576 56.63340 -16.40195 0.00000 0.84871 0.03854 0.00000
11.43306 56.76560 -16.39594 0.00000 0.84880 0.03857 0.00000
11.45035 56.89780 -16.38993 0.00000 0.84890 0.03859 0.00000
11.46765 57.03001 -16.38392 0.00000 0.84899 0.03862 0.00000
11.48494 57.16222 -16.37790 0.00000 0.84908 0.03865 0.00000
11.50223 57.29443 -16.37188 0.00000 0.84918 0.03867 0.00000
11.51952 57.42665 -16.36586 0.00000 0.84927 0.03870 0.00000
11.53681 57.55888 -16.35983 0.00000 0.84936 0.03872 0.00000
11.55409 57.69110 -16.35381 0.00000 0.84946 0.03875 0.00000
11.57138 57.82333 -16.34777 0.00000 0.84955 0.03877 0.00000
11.58866 57.95557 -16.34173 0.00000 0.84964 0.03880 0.00000
11.60594 58.08781 -16.33569 0.00000 0.84973 0.03883 0.00000
11.62323 58.22005 -16.32965 0.00000 0.84982 0.03885 0.00000
11.64051 58.35230 -16.32360 0.00000 0.84992 0.03888 0.00000
11.65779 58.48455 -16.31755 0.00000 0.85001 0.03891 0.00000
11.67506 58.61681 -16.31149 0.00000 0.85010 0.03893 0.00000
11.69234 58.74907 -16.30544 0.00000 0.85019 0.03896 0.00000
11.70961 58.88134 -16.29937 0.00000 0.85028 0.03899 0.00000
11.72689 59.01361 -16.29331 0.00000 0.85037 0.03901 0.00000
11.74416 59.14589 -16.28724 0.00000 0.85046 0.03904 0.00000
11.76143 59.27817 -16.28116 0.00000 0.85055 0.03907 0.00000
11.77870 59.41046 -16.27508 0.00000 0.85064 0.03910 0.00000
11.79597 59.54275 -16.26900 0.00000 0.85072 0.03913 0.00000
11.81324 59.67505 -16.26291 0.00000 0.85081 0.03915 0.00000
11.83051 59.80735 -16.25682 0.00000 0.85090 0.03918 0.00000
11.84777 59.93966 -16.25073 0.00000 0.85099 0.03921 0.00000
11.86504 60.07197 -16.24463 0.00000 0.85108 0.03924 0.00000
11.88230 60.20429 -16.23853 0.00000 0.85117 0.03927 0.00000
11.89957 60.33661 -16.23242 0.00000 0.85125 0.03930 0.00000
11.91683 60.46894 -16.22631 0.00000 0.85134 0.03933 0.00000
11.93409 60.60128 -16.22020 0.00000 0.85143 0.03936 0.00000
11.95135 60.73362 -16.21408 0.00000 0.85151 0.03939 0.00000
11.96861 60.86597 -16.20795 0.00000 0.85160 0.03942 0.00000
11.98587 60.99833 -16.20182 0.00000 0.85169 0.03945 0.00000
12.00312 61.13069 -16.19569 0.00000 0.85177 0.03948 0.00000
12.02038 61.26305 -16.18956 0.00000 0.85186 0.03951 0.00000
12.03764 61.39543 -16.18341 0.00000 0.85194 0.03954 0.00000
12.05489 61.52781 -16.17727 0.00000 0.85203 0.03957 0.00000
12.07214 61.66019 -16.17112 0.00000 0.85211 0.03960 0.00000
12.08940 61.79259 -16.16496 0.00000 0.85220 0.03963 0.00000
12.10665 61.92499 -16.15880 0.00000 0.85228 0.03966 0.00000
12.12390 62.05739 -16.15264 0.00000 0.85236 0.03970 0.00000
12.14115 62.18981 -16.14647 0.00000 0.85245 0.03973 0.00000
12.15840 62.32223 -16.14030 0.00000 0.85253 0.03976 0.00000
12.17565 62.45465 -16.13412 0.00000 0.85262 0.03979 0.00000
12.19289 62.58709 -16.12794 0.00000 0.85270 0.03983 0.00000
12.21014 62.71953 -16.12175 0.00000 0.85278 0.03986 0.00000
12.22739 62.85198 -16.11556 0.00000 0.85286 0.03989 0.00000
12.24463 62.98444 -16.10936 0.00000 0.85295 0.03993 0.00000
12.26188 63.11690 -16.10315 0.00000 0.85303 0.03996 0.00000
12.27912 63.24937 -16.09695 0.00000 0.85311 0.04000 0.00000
12.29637 63.38185 -16.09073 0.00000 0.85319 0.04003 0.00000
12.31361 63.51434 -16.08451 0.00000 0.85327 0.04007 0.00000
12.33085 63.64683 -16.07829 0.00000 0.85335 0.04010 0.00000
12.34810 63.77934 -16.07206 0.00000 0.85344 0.04014 0.00000
12.36534 63.91185 -16.06583 0.00000 0.85352 0.04017 0.00000
12.38258 64.04437 -16.05959 0.00000 0.85360 0.04021 0.00000
12.39982 64.17690 -16.05334 0.00000 0.85368 0.04025 0.00000
12.41706 64.30944 -16.04709 0.00000 0.85376 0.04028 0.00000
12.43430 64.44198 -16.04083 0.00000 0.85384 0.04032 0.00000
12.45154 64.57454 -16.03457 0.00000 0.85392 0.04036 0.00000
12.46878 64.70710 -16.02830 0.00000 0.85400 0.04040 0.00000
12.48601 64.83967 -16.02203 0.00000 0.85407 0.04044 0.00000
12.50325 64.97226 -16.01575 0.00000 0.85415 0.04048 0.00000
12.52049 65.10485 -16.00946 0.00000 0.85423 0.04051 0.00000
12.53773 65.23745 -16.00317 0.00000 0.85431 0.04055 0.00000
12.55496 65.37006 -15.99687 0.00000 0.85439 0.04059 0.00000
12.57220 65.50268 -15.99057 0.00000 0.85447 0.04064 0.00000
12.58943 65.63530 -15.98426 0.00000 0.85454 0.04068 0.00000
12.60667 65.76794 -15.97794 0.00000 0.85462 0.04072 0.00000
12.62390 65.90059 -15.97162 0.00000 0.85470 0.04076 0.00000
12.64114 66.03325 -15.96529 0.00000 0.85477 0.04080 0.00000
12.65837 66.16592 -15.95895 0.00000 0.85485 0.04084 0.00000
12.67561 66.29860 -15.95261 0.00000 0.85493 0.04089 0.00000
12.69284 66.43129 -15.94626 0.00000 0.85500 0.04093 0.00000
12.71008 66.56399 -15.93991 0.00000 0.85508 0.04098 0.00000
12.72731 66.69670 -15.93354 0.00000 0.85515 0.04102 0.00000
12.74455 66.82942 -15.92717 0.00000 0.85523 0.04107 0.00000
12.76178 66.96216 -15.92080 0.00000 0.85531 0.04111 0.00000
12.77901 67.09490 -15.91441 0.00000 0.85538 0.04116 0.00000
12.79625 67.22766 -15.90802 0.00000 0.85545 0.04120 0.00000
12.81348 67.36042 -15.90162 0.00000 0.85553 0.04125 0.00000
12.83072 67.49320 -15.89522 0.00000 0.85560 0.04130 0.00000
12.84795 67.62599 -15.88881 0.00000 0.85568 0.04135 0.00000
12.86518 67.75879 -15.88239 0.00000 0.85575 0.04140 0.00000
12.88242 67.89161 -15.87596 0.00000 0.85582 0.04145 0.00000
12.89965 68.02444 -15.86952 0.00000 0.85590 0.04150 0.00000
12.91689 68.15727 -15.86308 0.00000 0.85597 0.04155 0.00000
12.93412 68.29013 -15.85662 0.00000 0.85604 0.04160 0.00000
12.95136 68.42299 -15.85016 0.00000 0.85612 0.04165 0.00000
12.96859 68.55587 -15.84370 0.00000 0.85619 0.04170 0.00000
12.98583 68.68876 -15.83722 0.00000 0.85626 0.04176 0.00000
13.00306 68.82166 -15.83074 0.00000 0.85633 0.04181 0.00000
13.02030 68.95457 -15.82424 0.00000 0.85640 0.04186 0.00000
13.03753 69.08750 -15.81774 0.00000 0.85647 0.04192 0.00000
13.05477 69.22045 -15.81123 0.00000 0.85655 0.04197 0.00000
13.07201 69.35340 -15.80471 0.00000 0.85662 0.04203 0.00000
13.08924 69.48637 -15.79818 0.00000 0.85669 0.04209 0.00000
13.10648 69.61936 -15.79164 0.00000 0.85676 0.04215 0.00000
13.12372 69.75236 -15.78510 0.00000 0.85683 0.04221 0.00000
13.14096 69.88537 -15.77854 0.00000 0.85690 0.04227 0.00000
13.15820 70.01840 -15.77197 0.00000 0.85697 0.04233 0.00000
13.17544 70.15145 -15.76540 0.00000 0.85704 0.04239 0.00000
13.19268 70.28450 -15.75881 0.00000 0.85710 0.04245 0.00000
13.20992 70.41758 -15.75222 0.00000 0.85717 0.04251 0.00000
13.22716 70.55067 -15.74561 0.00000 0.85724 0.04257 0.00000
13.24440 70.68377 -15.73900 0.00000 0.85731 0.04264 0.00000
13.26164 70.81689 -15.73237 0.00000 0.85738 0.04270 0.00000
13.27889 70.95003 -15.72574 0.00000 0.85744 0.04277 0.00000
13.29613 71.08318 -15.71909 0.00000 0.85751 0.04284 0.00000
13.31337 71.21635 -15.71243 0.00000 0.85758 0.04291 0.00000
13.33062 71.34954 -15.70576 0.00000 0.85765 0.04297 0.00000
13.34787 71.48274 -15.69908 0.00000 0.85771 0.04304 0.00000
13.36511 71.61596 -15.69239 0.00000 0.85778 0.04312 0.00000
13.38236 71.74920 -15.68569 0.00000 0.85784 0.04319 0.00000
13.39961 71.88246 -15.67898 0.00000 0.85791 0.04326 0.00000
13.41686 72.01573 -15.67225 0.00000 0.85797 0.04333 0.00000
13.43411 72.14902 -15.66551 0.00000 0.85804 0.04341 0.00000
13.45136 72.28233 -15.65876 0.00000 0.85810 0.04349 0.00000
13.46862 72.41566 -15.65200 0.00000 0.85817 0.04356 0.00000
13.48587 72.54900 -15.64522 0.00000 0.85823 0.04364 0.00000
13.50313 72.68237 -15.63844 0.00000 0.85830 0.04372 0.00000
13.52038 72.81575 -15.63164 0.00000 0.85836 0.04380 0.00000
13.53764 72.94916 -15.62482 0.00000 0.85842 0.04388 0.00000
13.55490 73.08258 -15.61800 0.00000 0.85849 0.04397 0.00000
13.57216 73.21602 -15.61116 0.00000 0.85855 0.04405 0.00000
13.58943 73.34949 -15.60430 0.00000 0.85861 0.04414 0.00000
13.60669 73.48297 -15.59743 0.00000 0.85867 0.04422 0.00000
13.62395 73.61648 -15.59055 0.00000 0.85873 0.04431 0.00000
13.64122 73.75000 -15.58365 0.00000 0.85879 0.04440 0.00000
13.65849 73.88355 -15.57674 0.00000 0.85886 0.04449 0.00000
13.67576 74.01712 -15.56982 0.00000 0.85892 0.04458 0.00000
13.69303 74.15071 -15.56287 0.00000 0.85898 0.04468 0.00000
13.71030 74.28432 -15.55592 0.00000 0.85904 0.04477 0.00000
13.72758 74.41795 -15.54895 0.00000 0.85909 0.04487 0.00000
13.74485 74.55161 -15.54196 0.00000 0.85915 0.04497 0.00000
13.76213 74.68529 -15.53495 0.00000 0.85921 0.04507 0.00000
13.77941 74.81900 -15.52793 0.00000 0.85927 0.04517 0.00000
13.79669 74.95272 -15.52089 0.00000 0.85933 0.04527 0.00000
13.81398 75.08648 -15.51384 0.00000 0.85939 0.04538 0.00000
13.83126 75.22025 -15.50677 0.00000 0.85944 0.04548 0.00000
13.84855 75.35405 -15.49968 0.00000 0.85950 0.04559 0.00000
13.86584 75.48788 -15.49257 0.00000 0.85955 0.04570 0.00000
13.88313 75.62173 -15.48545 0.00000 0.85961 0.04581 0.00000
13.90042 75.75560 -15.47830 0.00000 0.85967 0.04593 0.00000
13.91772 75.88951 -15.47114 0.00000 0.85972 0.04604 0.00000
13.93502 76.02343 -15.46396 0.00000 0.85977 0.04616 0.00000
13.95232 76.15739 -15.45676 0.00000 0.85983 0.04628 0.00000
13.96962 76.29137 -15.44954 0.00000 0.85988 0.04640 0.00000
13.98693 76.42538 -15.44230 0.00000 0.85993 0.04653 0.00000
14.00424 76.55942 -15.43503 0.00000 0.85999 0.04665 0.00000
14.02155 76.69348 -15.42775 0.00000 0.86004 0.04678 0.00000
14.03886 76.82757 -15.42045 0.00000 0.86009 0.04691 0.00000
14.05618 76.96170 -15.41312 0.00000 0.86014 0.04704 0.00000
14.07350 77.09585 -15.40578 0.00000 0.86019 0.04717 0.00000
14.09082 77.23003 -15.39841 0.00000 0.86024 0.04731 0.00000
14.10814 77.36424 -15.39102 0.00000 0.86029 0.04745 0.00000
14.12547 77.49848 -15.38360 0.00000 0.86034 0.04759 0.00000
14.14280 77.63275 -15.37616 0.00000 0.86038 0.04774 0.00000
14.16014 77.76705 -15.36870 0.00000 0.86043 0.04788 0.00000
14.17747 77.90139 -15.36121 0.00000 0.86048 0.04803 0.00000
14.19481 78.03576 -15.35370 0.00000 0.86052 0.04818 0.00000
14.21216 78.17016 -15.34616 0.00000 0.86057 0.04834 0.00000
14.22950 78.30459 -15.33860 0.00000 0.86061 0.04849 0.00000
14.24685 78.43905 -15.33101 0.00000 0.86066 0.04865 0.00000
14.26421 78.57355 -15.32340 0.00000 0.86070 0.04882 0.00000
14.28156 78.70809 -15.31575 0.00000 0.86074 0.04898 0.00000
14.29892 78.84266 -15.30808 0.00000 0.86078 0.04915 0.00000
14.31629 78.97726 -15.30038 0.00000 0.86083 0.04932 0.00000
14.33366 79.11190 -15.29265 0.00000 0.86087 0.04950 0.00000
14.35103 79.24658 -15.28490 0.00000 0.86091 0.04968 0.00000
14.36841 79.38129 -15.27711 0.00000 0.86094 0.04986 0.00000
14.38579 79.51604 -15.26929 0.00000 0.86098 0.05005 0.00000
14.40317 79.65083 -15.26144 0.00000 0.86102 0.05023 0.00000
14.42056 79.78566 -15.25356 0.00000 0.86105 0.05043 0.00000
14.43795 79.92052 -15.24565 0.00000 0.86109 0.05062 0.00000
14.45535 80.05543 -15.23770 0.00000 0.86112 0.05082 0.00000
14.47275 80.19038 -15.22972 0.00000 0.86116 0.05102 0.00000
14.49016 80.32536 -15.22171 0.00000 0.86119 0.05123 0.00000
14.50757 80.46039 -15.21366 0.00000 0.86122 0.05144 0.00000
14.52499 80.59546 -15.20557 0.00000 0.86125 0.05166 0.00000
14.54241 80.73057 -15.19745 0.00000 0.86128 0.05188 0.00000
14.55983 80.86572 -15.18929 0.00000 0.86130 0.05210 0.00000
14.57726 81.00092 -15.18110 0.00000 0.86133 0.05233 0.00000
14.59470 81.13616 -15.17286 0.00000 0.86136 0.05256 0.00000
14.61214 81.27145 -15.16459 0.00000 0.86138 0.05280 0.00000
14.62959 81.40678 -15.15627 0.00000 0.86140 0.05304 0.00000
14.64704 81.54216 -15.14792 0.00000 0.86142 0.05329 0.00000
14.66450 81.67758 -15.13952 0.00000 0.86144 0.05354 0.00000
14.68196 81.81305 -15.13108 0.00000 0.86146 0.05379 0.00000
14.69943 81.94857 -15.12260 0.00000 0.86148 0.05405 0.00000
14.71690 82.08414 -15.11407 0.00000 0.86149 0.05432 0.00000
14.73438 82.21976 -15.10550 0.00000 0.86151 0.05459 0.00000
14.75187 82.35543 -15.09688 0.00000 0.86152 0.05487 0.00000
14.76937 82.49114 -15.08822 0.00000 0.86153 0.05515 0.00000
14.78687 82.62691 -15.07950 0.00000 0.86154 0.05544 0.00000
14.80437 82.76274 -15.07074 0.00000 0.86155 0.05574 0.00000
14.82189 82.89861 -15.06192 0.00000 0.86156 0.05604 0.00000
14.83941 83.03454 -15.05306 0.00000 0.86156 0.05634 0.00000
14.85693 83.17052 -15.04414 0.00000 0.86156 0.05666 0.00000
14.87447 83.30656 -15.03517 0.00000 0.86156 0.05697 0.00000
14.89201 83.44266 -15.02615 0.00000 0.86156 0.05730 0.00000
14.90956 83.57881 -15.01706 0.00000 0.86156 0.05763 0.00000
14.92711 83.71502 -15.00793 0.00000 0.86155 0.05797 0.00000
14.94468 83.85128 -14.99873 0.00000 0.86154 0.05832 0.00000
14.96225 83.98761 -14.98947 0.00000 0.86153 0.05867 0.00000
14.97983 84.12399 -14.98016 0.00000 0.86152 0.05903 0.00000
14.99742 84.26044 -14.97078 0.00000 0.86150 0.05940 0.00000
15.01501 84.39695 -14.96134 0.00000 0.86149 0.05978 0.00000
15.03262 84.53352 -14.95183 0.00000 0.86147 0.06016 0.00000
15.05023 84.67016 -14.94225 0.00000 0.86144 0.06056 0.00000
15.06785 84.80686 -14.93261 0.00000 0.86142 0.06096 0.00000
15.08548 84.94362 -14.92290 0.00000 0.86139 0.06136 0.00000
15.10312 85.08045 -14.91312 0.00000 0.86136 0.06178 0.00000
15.12077 85.21735 -14.90327 0.00000 0.86133 0.06221 0.00000
15.13843 85.35432 -14.89334 0.00000 0.86129 0.06264 0.00000
15.15610 85.49135 -14.88334 0.00000 0.86125 0.06309 0.00000
15.17378 85.62846 -14.87326 0.00000 0.86120 0.06354 0.00000
15.19147 85.76563 -14.86310 0.00000 0.86116 0.06401 0.00000
15.20917 85.90288 -14.85286 0.00000 0.86111 0.06448 0.00000
15.22688 86.04020 -14.84254 0.00000 0.86105 0.06497 0.00000
15.24460 86.17760 -14.83213 0.00000 0.86099 0.06546 0.00000
15.26233 86.31507 -14.82164 0.00000 0.86093 0.06597 0.00000
15.28007 86.45261 -14.81106 0.00000 0.86086 0.06649 0.00000
15.29782 86.59023 -14.80039 0.00000 0.86079 0.06701 0.00000
15.31559 86.72793 -14.78962 0.00000 0.86072 0.06755 0.00000
15.33336 86.86571 -14.77877 0.00000 0.86064 0.06810 0.00000
15.35115 87.00357 -14.76781 0.00000 0.86056 0.06867 0.00000
15.36895 87.14151 -14.75676 0.00000 0.86047 0.06924 0.00000
15.38677 87.27953 -14.74560 0.00000 0.86038 0.06983 0.00000
15.40459 87.41764 -14.73435 0.00000 0.86028 0.07043 0.00000
15.42243 87.55582 -14.72298 0.00000 0.86017 0.07104 0.00000
15.44028 87.69410 -14.71151 0.00000 0.86007 0.07167 0.00000
15.45815 87.83246 -14.69993 0.00000 0.85995 0.07231 0.00000
15.47603 87.97091 -14.68823 0.00000 0.85983 0.07297 0.00000
15.49392 88.10944 -14.67642 0.00000 0.85971 0.07364 0.00000
15.51183 88.24807 -14.66449 0.00000 0.85957 0.07432 0.00000
15.52975 88.38679 -14.65244 0.00000 0.85943 0.07502 0.00000
15.54769 88.52560 -14.64027 0.00000 0.85929 0.07574 0.00000
15.56564 88.66450 -14.62796 0.00000 0.85914 0.07647 0.00000
15.58361 88.80350 -14.61553 0.00000 0.85898 0.07721 0.00000
15.60159 88.94259 -14.60297 0.00000 0.85881 0.07797 0.00000
15.61959 89.08177 -14.59027 0.00000 0.85864 0.07875 0.00000
15.63761 89.22106 -14.57743 0.00000 0.85846 0.07955 0.00000
15.65564 89.36044 -14.56444 0.00000 0.85827 0.08036 0.00000
15.67369 89.49993 -14.55131 0.00000 0.85808 0.08120 0.00000
15.69176 89.63951 -14.53803 0.00000 0.85787 0.08205 0.00000
15.70984 89.77920 -14.52460 0.00000 0.85766 0.08291 0.00000
15.72794 89.91899 -14.51101 0.00000 0.85743 0.08380 0.00000
15.74606 90.05888 -14.49727 0.00000 0.85720 0.08471 0.00000
15.76420 90.19888 -14.48335 0.00000 0.85696 0.08563 0.00000
15.78236 90.33898 -14.46928 0.00000 0.85671 0.08658 0.00000
15.80054 90.47919 -14.45502 0.00000 0.85645 0.08755 0.00000
15.81873 90.61951 -14.44060 0.00000 0.85617 0.08854 0.00000
15.83695 90.75994 -14.42599 0.00000 0.85589 0.08955 0.00000
15.85519 90.90048 -14.41120 0.00000 0.85560 0.09058 0.00000
15.87344 91.04113 -14.39622 0.00000 0.85529 0.09163 0.00000
15.89172 91.18189 -14.38105 0.00000 0.85498 0.09271 0.00000
15.91002 91.32276 -14.36568 0.00000 0.85465 0.09381 0.00000
15.92835 91.46375 -14.35011 0.00000 0.85430 0.09493 0.00000
15.94669 91.60485 -14.33433 0.00000 0.85395 0.09608 0.00000
15.96506 91.74607 -14.31834 0.00000 0.85358 0.09725 0.00000
15.98345 91.88741 -14.30214 0.00000 0.85320 0.09845 0.00000
16.00187 92.02886 -14.28571 0.00000 0.85280 0.09967 0.00000
16.02031 92.17043 -14.26906 0.00000 0.85239 0.10091 0.00000
16.03877 92.31212 -14.25218 0.00000 0.85197 0.10219 0.00000
16.05726 92.45393 -14.23505 0.00000 0.85152 0.10349 0.00000
16.07577 92.59586 -14.21769 0.00000 0.85107 0.10481 0.00000
16.09431 92.73791 -14.20008 0.00000 0.85059 0.10617 0.00000
16.11288 92.88008 -14.18221 0.00000 0.85010 0.10755 0.00000
16.13147 93.02237 -14.16409 0.00000 0.84960 0.10896 0.00000
16.15009 93.16479 -14.14570 0.00000 0.84907 0.11040 0.00000
16.16874 93.30732 -14.12704 0.00000 0.84853 0.11187 0.00000
16.18742 93.44998 -14.10810 0.00000 0.84797 0.11336 0.00000
16.20612 93.59276 -14.08887 0.00000 0.84738 0.11489 0.00000
16.22485 93.73567 -14.06936 0.00000 0.84678 0.11645 0.00000
16.24362 93.87870 -14.04955 0.00000 0.84616 0.11804 0.00000
16.26241 94.02185 -14.02944 0.00000 0.84552 0.11966 0.00000
16.28124 94.16512 -14.00902 0.00000 0.84485 0.12131 0.00000
16.30009 94.30851 -13.98828 0.00000 0.84417 0.12299 0.00000
16.31898 94.45203 -13.96721 0.00000 0.84346 0.12470 0.00000
16.33790 94.59567 -13.94582 0.00000 0.84273 0.12645 0.00000
16.35685 94.73943 -13.92409 0.00000 0.84197 0.12823 0.00000
16.37584 94.88331 -13.90201 0.00000 0.84119 0.13004 0.00000
16.39486 95.02732 -13.87958 0.00000 0.84039 0.13188 0.00000
16.41391 95.17144 -13.85679 0.00000 0.83956 0.13376 0.00000
16.43300 95.31568 -13.83364 0.00000 0.83870 0.13568 0.00000
16.45212 95.46003 -13.81010 0.00000 0.83782 0.13762 0.00000
16.47128 95.60451 -13.78619 0.00000 0.83691 0.13960 0.00000
16.49047 95.74909 -13.76188 0.00000 0.83598 0.14162 0.00000
16.50971 95.89379 -13.73718 0.00000 0.83501 0.14367 0.00000
16.52898 96.03861 -13.71207 0.00000 0.83402 0.14575 0.00000
16.54829 96.18353 -13.68654 0.00000 0.83299 0.14787 0.00000
16.56763 96.32856 -13.66060 0.00000 0.83194 0.15002 0.00000
16.58702 96.47370 -13.63422 0.00000 0.83086 0.15221 0.00000
16.60644 96.61894 -13.60740 0.00000 0.82974 0.15443 0.00000
16.62591 96.76428 -13.58013 0.00000 0.82860 0.15669 0.00000
16.64541 96.90972 -13.55241 0.00000 0.82742 0.15898 0.00000
16.66496 97.05525 -13.52422 0.00000 0.82620 0.16131 0.00000
16.68455 97.20088 -13.49555 0.00000 0.82496 0.16367 0.00000
16.70418 97.34660 -13.46641 0.00000 0.82368 0.16607 0.00000
16.72385 97.49240 -13.43678 0.00000 0.82237 0.16850 0.00000
16.74357 97.63829 -13.40664 0.00000 0.82102 0.17096 0.00000
16.76333 97.78426 -13.37600 0.00000 0.81963 0.17346 0.00000
16.78313 97.93030 -13.34484 0.00000 0.81821 0.17599 0.00000
16.80298 98.07642 -13.31315 0.00000 0.81676 0.17855 0.00000
16.82287 98.22260 -13.28094 0.00000 0.81527 0.18115 0.00000
16.84281 98.36884 -13.24817 0.00000 0.81374 0.18378 0.00000
16.86279 98.51515 -13.21486 0.00000 0.81217 0.18644 0.00000
16.88283 98.66150 -13.18099 0.00000 0.81056 0.18913 0.00000
16.90290 98.80791 -13.14655 0.00000 0.80892 0.19185 0.00000
16.92303 98.95435 -13.11153 0.00000 0.80724 0.19460 0.00000
16.94320 99.10084 -13.07593 0.00000 0.80552 0.19739 0.00000
16.96342 99.24735 -13.03973 0.00000 0.80376 0.20020 0.00000
16.98369 99.39389 -13.00293 0.00000 0.80196 0.20303 0.00000
17.00401 99.54045 -12.96553 0.00000 0.80013 0.20590 0.00000
17.02437 99.68702 -12.92750 0.00000 0.79825 0.20879 0.00000
17.04479 99.83359 -12.88885 0.00000 0.79633 0.21171 0.00000
17.06525 99.98017 -12.84956 0.00000 0.79438 0.21465 0.00000
17.08577 100.12674 -12.80963 0.00000 0.79238 0.21761 0.00000
17.10633 100.27329 -12.76906 0.00000 0.79035 0.22060 0.00000
17.12695 100.41982 -12.72783 0.00000 0.78827 0.22361 0.00000
17.14761 100.56632 -12.68593 0.00000 0.78616 0.22663 0.00000
17.16833 100.71278 -12.64337 0.00000 0.78401 0.22968 0.00000
17.18910 100.85919 -12.60013 0.00000 0.78182 0.23275 0.00000
17.20991 101.00555 -12.55621 0.00000 0.77959 0.23583 0.00000
17.23078 101.15184 -12.51160 0.00000 0.77732 0.23893 0.00000
17.25170 101.29806 -12.46629 0.00000 0.77501 0.24205 0.00000
17.27267 101.44421 -12.42029 0.00000 0.77267 0.24517 0.00000
17.29370 101.59026 -12.37358 0.00000 0.77029 0.24831 0.00000
17.31477 101.73621 -12.32615 0.00000 0.76787 0.25146 0.00000
17.33590 101.88205 -12.27802 0.00000 0.76542 0.25462 0.00000
17.35707 102.02778 -12.22916 0.00000 0.76293 0.25779 0.00000
17.37830 102.17338 -12.17958 0.00000 0.76041 0.26096 0.00000
17.39958 102.31884 -12.12927 0.00000 0.75785 0.26414 0.00000
17.42091 102.46416 -12.07823 0.00000 0.75526 0.26732 0.00000
17.44229 102.60932 -12.02645 0.00000 0.75264 0.27051 0.00000
17.46372 102.75432 -11.97394 0.00000 0.74999 0.27369 0.00000
17.48520 102.89913 -11.92069 0.00000 0.74731 0.27688 0.00000
17.50673 103.04377 -11.86670 0.00000 0.74459 0.28006 0.00000
17.52831 103.18820 -11.81196 0.00000 0.74185 0.28324 0.00000
17.54994 103.33243 -11.75648 0.00000 0.73908 0.28641 0.00000
17.57162 103.47644 -11.70026 0.00000 0.73629 0.28958 0.00000
17.59335 103.62023 -11.64329 0.00000 0.73346 0.29274 0.00000
17.61513 103.76378 -11.58558 0.00000 0.73062 0.29590 0.00000
17.63695 103.90708 -11.52712 0.00000 0.72775 0.29904 0.00000
17.65882 104.05013 -11.46791 0.00000 0.72486 0.30217 0.00000
17.68074 104.19291 -11.40797 0.00000 0.72195 0.30528 0.00000
17.70270 104.33541 -11.34728 0.00000 0.71903 0.30838 0.00000
17.72471 104.47763 -11.28585 0.00000 0.71608 0.31147 0.00000
17.74677 104.61955 -11.22369 0.00000 0.71312 0.31454 0.00000
17.76886 104.76117 -11.16079 0.00000 0.71014 0.31759 0.00000
17.79101 104.90247 -11.09716 0.00000 0.70715 0.32062 0.00000
17.81319 105.04345 -11.03281 0.00000 0.70415 0.32363 0.00000
17.83542 105.18409 -10.96773 0.00000 0.70114 0.32661 0.00000
17.85769 105.32440 -10.90193 0.00000 0.69812 0.32958 0.00000
17.88000 105.46435 -10.83542 0.00000 0.69510 0.33252 0.00000
17.90235 105.60394 -10.76821 0.00000 0.69206 0.33543 0.00000
17.92474 105.74317 -10.70028 0.00000 0.68903 0.33832 0.00000
17.94717 105.88202 -10.63167 0.00000 0.68599 0.34118 0.00000
17.96963 106.02049 -10.56236 0.00000 0.68294 0.34402 0.00000
17.99213 106.15856 -10.49236 0.00000 0.67990 0.34682 0.00000
18.01467 106.29624 -10.42169 0.00000 0.67687 0.34960 0.00000
18.03724 106.43352 -10.35035 0.00000 0.67383 0.35234 0.00000
18.05985 106.57038 -10.27835 0.00000 0.67080 0.35506 0.00000
18.08249 106.70682 -10.20569 0.00000 0.66778 0.35774 0.00000
18.10516 106.84284 -10.13239 0.00000 0.66476 0.36039 0.00000
18.12786 106.97843 -10.05845 0.00000 0.66176 0.36301 0.00000
18.15059 107.11358 -9.98387 0.00000 0.65876 0.36559 0.00000
18.17335 107.24829 -9.90868 0.00000 0.65578 0.36815 0.00000
18.19614 107.38255 -9.83288 0.00000 0.65281 0.37066 0.00000
18.21895 107.51637 -9.75647 0.00000 0.64986 0.37314 0.00000
18.24179 107.64972 -9.67947 0.00000 0.64692 0.37559 0.00000
18.26466 107.78262 -9.60189 0.00000 0.64400 0.37800 0.00000
18.28754 107.91506 -9.52374 0.00000 0.64110 0.38038 0.00000
18.31045 108.04703 -9.44502 0.00000 0.63822 0.38272 0.00000
18.33339 108.17853 -9.36574 0.00000 0.63536 0.38503 0.00000
18.35634 108.30956 -9.28593 0.00000 0.63253 0.38730 0.00000
18.37931 108.44011 -9.20558 0.00000 0.62971 0.38953 0.00000
18.40230 108.57019 -9.12471 0.00000 0.62693 0.39173 0.00000
18.42531 108.69978 -9.04332 0.00000 0.62417 0.39390 0.00000
18.44833 108.82890 -8.96144 0.00000 0.62143 0.39602 0.00000
18.47137 108.95754 -8.87906 0.00000 0.61872 0.39812 0.00000
18.49442 109.08570 -8.79621 0.00000 0.61605 0.40018 0.00000
18.51748 109.21337 -8.71288 0.00000 0.61340 0.40220 0.00000
18.54056 109.34057 -8.62910 0.00000 0.61078 0.40419 0.00000
18.56364 109.46728 -8.54487 0.00000 0.60820 0.40614 0.00000
18.58674 109.59351 -8.46019 0.00000 0.60564 0.40806 0.00000
18.60984 109.71925 -8.37510 0.00000 0.60312 0.40995 0.00000
18.63296 109.84452 -8.28958 0.00000 0.60064 0.41180 0.00000
18.65608 109.96931 -8.20366 0.00000 0.59818 0.41362 0.00000
18.67920 110.09362 -8.11734 0.00000 0.59576 0.41541 0.00000
18.70233 110.21746 -8.03064 0.00000 0.59338 0.41716 0.00000
18.72546 110.34082 -7.94356 0.00000 0.59103 0.41889 0.00000
18.74860 110.46371 -7.85611 0.00000 0.58872 0.42058 0.00000
18.77173 110.58614 -7.76831 0.00000 0.58644 0.42224 0.00000
18.79487 110.70809 -7.68016 0.00000 0.58421 0.42387 0.00000
18.81801 110.82958 -7.59168 0.00000 0.58200 0.42547 0.00000
18.84114 110.95061 -7.50287 0.00000 0.57984 0.42704 0.00000
18.86428 111.07119 -7.41375 0.00000 0.57771 0.42858 0.00000
18.88741 111.19131 -7.32432 0.00000 0.57562 0.43010 0.00000
18.91054 111.31097 -7.23459 0.00000 0.57357 0.43158 0.00000
18.93366 111.43020 -7.14457 0.00000 0.57156 0.43304 0.00000
18.95678 111.54897 -7.05427 0.00000 0.56958 0.43447 0.00000
18.97989 111.66731 -6.96370 0.00000 0.56764 0.43588 0.00000
19.00299 111.78522 -6.87287 0.00000 0.56574 0.43726 0.00000
19.02609 111.90269 -6.78179 0.00000 0.56388 0.43861 0.00000
19.04918 112.01974 -6.69045 0.00000 0.56206 0.43994 0.00000
19.07226 112.13637 -6.59889 0.00000 0.56027 0.44125 0.00000
19.09533 112.25257 -6.50709 0.00000 0.55853 0.44253 0.00000
19.11838 112.36837 -6.41507 0.00000 0.55681 0.44379 0.00000
19.14143 112.48376 -6.32283 0.00000 0.55514 0.44503 0.00000
19.16447 112.59874 -6.23039 0.00000 0.55350 0.44624 0.00000
19.18749 112.71333 -6.13775 0.00000 0.55190 0.44744 0.00000
19.21050 112.82752 -6.04492 0.00000 0.55034 0.44861 0.00000
19.23349 112.94132 -5.95191 0.00000 0.54882 0.44977 0.00000
19.25647 113.05474 -5.85871 0.00000 0.54732 0.45090 0.00000
19.27944 113.16779 -5.76534 0.00000 0.54587 0.45201 0.00000
19.30239 113.28046 -5.67181 0.00000 0.54445 0.45311 0.00000
19.32533 113.39276 -5.57812 0.00000 0.54307 0.45419 0.00000
19.34824 113.50470 -5.48427 0.00000 0.54172 0.45525 0.00000
19.37115 113.61628 -5.39028 0.00000 0.54040 0.45629 0.00000
19.39403 113.72751 -5.29615 0.00000 0.53912 0.45732 0.00000
19.41689 113.83839 -5.20188 0.00000 0.53787 0.45833 0.00000
19.43974 113.94892 -5.10748 0.00000 0.53666 0.45932 0.00000
19.46257 114.05913 -5.01295 0.00000 0.53548 0.46030 0.00000
19.48538 114.16899 -4.91831 0.00000 0.53433 0.46126 0.00000
19.50817 114.27854 -4.82355 0.00000 0.53321 0.46221 0.00000
19.53094 114.38776 -4.72868 0.00000 0.53212 0.46314 0.00000
19.55369 114.49666 -4.63370 0.00000 0.53107 0.46406 0.00000
19.57642 114.60525 -4.53863 0.00000 0.53004 0.46497 0.00000
19.59913 114.71354 -4.44345 0.00000 0.52904 0.46586 0.00000
19.62181 114.82152 -4.34819 0.00000 0.52808 0.46674 0.00000
19.64448 114.92921 -4.25283 0.00000 0.52714 0.46761 0.00000
19.66712 115.03661 -4.15739 0.00000 0.52623 0.46847 0.00000
19.68974 115.14371 -4.06188 0.00000 0.52535 0.46932 0.00000
19.71234 115.25054 -3.96628 0.00000 0.52450 0.47015 0.00000
19.73492 115.35709 -3.87061 0.00000 0.52367 0.47097 0.00000
19.75747 115.46337 -3.77487 0.00000 0.52287 0.47179 0.00000
19.78001 115.56938 -3.67907 0.00000 0.52210 0.47259 0.00000
19.80251 115.67512 -3.58320 0.00000 0.52135 0.47338 0.00000
19.82500 115.78061 -3.48728 0.00000 0.52063 0.47416 0.00000
19.84746 115.88585 -3.39129 0.00000 0.51993 0.47493 0.00000
19.86990 115.99083 -3.29525 0.00000 0.51926 0.47570 0.00000
19.89231 116.09557 -3.19916 0.00000 0.51861 0.47645 0.00000
19.91470 116.20007 -3.10303 0.00000 0.51798 0.47720 0.00000
19.93706 116.30433 -3.00684 0.00000 0.51738 0.47794 0.00000
19.95941 116.40836 -2.91061 0.00000 0.51680 0.47867 0.00000
19.98172 116.51217 -2.81435 0.00000 0.51624 0.47939 0.00000
20.00402 116.61574 -2.71804 0.00000 0.51570 0.48010 0.00000
20.02628 116.71910 -2.62169 0.00000 0.51518 0.48081 0.00000
20.04853 116.82225 -2.52532 0.00000 0.51468 0.48150 0.00000
20.07075 116.92518 -2.42891 0.00000 0.51420 0.48219 0.00000
20.09294 117.02790 -2.33246 0.00000 0.51375 0.48288 0.00000
20.11511 117.13042 -2.23600 0.00000 0.51331 0.48356 0.00000
20.13725 117.23274 -2.13950 0.00000 0.51289 0.48423 0.00000
20.15937 117.33486 -2.04298 0.00000 0.51249 0.48489 0.00000
20.18147 117.43679 -1.94644 0.00000 0.51210 0.48555 0.00000
20.20354 117.53854 -1.84987 0.00000 0.51173 0.48620 0.00000
20.22559 117.64009 -1.75329 0.00000 0.51138 0.48685 0.00000
20.24761 117.74146 -1.65668 0.00000 0.51105 0.48749 0.00000
20.26960 117.84266 -1.56006 0.00000 0.51073 0.48812 0.00000
20.29157 117.94367 -1.46343 0.00000 0.51043 0.48875 0.00000
20.31352 118.04452 -1.36678 0.00000 0.51015 0.48937 0.00000
20.33544 118.14520 -1.27011 0.00000 0.50988 0.48999 0.00000
20.35733 118.24571 -1.17344 0.00000 0.50962 0.49060 0.00000
20.37921 118.34606 -1.07675 0.00000 0.50938 0.49121 0.00000
20.40105 118.44624 -0.98006 0.00000 0.50915 0.49181 0.00000
20.42287 118.54627 -0.88335 0.00000 0.50894 0.49241 0.00000
20.44467 118.64615 -0.78664 0.00000 0.50874 0.49300 0.00000
20.46644 118.74588 -0.68992 0.00000 0.50855 0.49359 0.00000
20.48819 118.84546 -0.59320 0.00000 0.50837 0.49417 0.00000
20.50992 118.94489 -0.49647 0.00000 0.50821 0.49475 0.00000
20.53161 119.04418 -0.39974 0.00000 0.50806 0.49533 0.00000
20.55329 119.14333 -0.30301 0.00000 0.50792 0.49590 0.00000
20.57494 119.24234 -0.20627 0.00000 0.50779 0.49646 0.00000
20.59656 119.34122 -0.10953 0.00000 0.50768 0.49703 0.00000
20.61817 119.43997 -0.01279 0.00000 0.50757 0.49758 0.00000
20.63974 119.53858 0.08395 0.00000 0.50748 0.49814 0.00000
20.66130 119.63707 0.18069 0.00000 0.50739 0.49869 0.00000
20.68283 119.73544 0.27742 0.00000 0.50732 0.49924 0.00000
20.70433 119.83368 0.37416 0.00000 0.50725 0.49978 0.00000
20.72582 119.93180 0.47089 0.00000 0.50719 0.50032 0.00000
20.74727 120.02980 0.56762 0.00000 0.50715 0.50085 0.00000
20.76871 120.12769 0.66435 0.00000 0.50711 0.50138 0.00000
20.79012 120.22546 0.76107 0.00000 0.50708 0.50191 0.00000
20.81151 120.32313 0.85779 0.00000 0.50706 0.50244 0.00000
20.83287 120.42068 0.95451 0.00000 0.50704 0.50296 0.00000
20.85421 120.51812 1.05122 0.00000 0.50704 0.50347 0.00000
20.87553 120.61546 1.14792 0.00000 0.50704 0.50399 0.00000
20.89683 120.71270 1.24462 0.00000 0.50705 0.50450 0.00000
20.91810 120.80983 1.34131 0.00000 0.50707 0.50501 0.00000
20.93935 120.90686 1.43800 0.00000 0.50709 0.50551 0.00000
20.96058 121.00380 1.53467 0.00000 0.50712 0.50601 0.00000
20.98178 121.10064 1.63134 0.00000 0.50716 0.50651 0.00000
21.00296 121.19738 1.72801 0.00000 0.50721 0.50701 0.00000
21.02412 121.29403 1.82466 0.00000 0.50726 0.50750 0.00000
21.04526 121.39059 1.92131 0.00000 0.50731 0.50799 0.00000
21.06638 121.48706 2.01795 0.00000 0.50738 0.50848 0.00000
21.08747 121.58345 2.11458 0.00000 0.50744 0.50896 0.00000
21.10854 121.67974 2.21121 0.00000 0.50752 0.50944 0.00000
21.12959 121.77595 2.30782 0.00000 0.50760 0.50992 0.00000
21.15062 121.87208 2.40443 0.00000 0.50768 0.51039 0.00000
21.17163 121.96813 2.50102 0.00000 0.50777 0.51087 0.00000
21.19261 122.06409 2.59761 0.00000 0.50786 0.51133 0.00000
21.21358 122.15998 2.69419 0.00000 0.50796 0.51180 0.00000
21.23452 122.25579 2.79076 0.00000 0.50807 0.51227 0.00000
21.25544 122.35153 2.88731 0.00000 0.50817 0.51273 0.00000
21.27635 122.44718 2.98386 0.00000 0.50829 0.51319 0.00000
21.29723 122.54277 3.08040 0.00000 0.50840 0.51364 0.00000
21.31809 122.63828 3.17693 0.00000 0.50852 0.51409 0.00000
21.33893 122.73372 3.27345 0.00000 0.50865 0.51455 0.00000
21.35974 122.82910 3.36995 0.00000 0.50878 0.51499 0.00000
21.38054 122.92440 3.46645 0.00000 0.50891 0.51544 0.00000
21.40132 123.01964 3.56294 0.00000 0.50904 0.51588 0.00000
21.42208 123.11481 3.65942 0.00000 0.50918 0.51632 0.00000
21.44282 123.20991 3.75588 0.00000 0.50932 0.51676 0.00000
21.46354 123.30495 3.85234 0.00000 0.50947 0.51720 0.00000
21.48424 123.39993 3.94879 0.00000 0.50962 0.51763 0.00000
21.50492 123.49485 4.04522 0.00000 0.50977 0.51806 0.00000
21.52558 123.58971 4.14165 0.00000 0.50992 0.51849 0.00000
21.54622 123.68450 4.23806 0.00000 0.51008 0.51892 0.00000
21.56684 123.77924 4.33446 0.00000 0.51024 0.51934 0.00000
21.58744 123.87392 4.43086 0.00000 0.51040 0.51976 0.00000
21.60803 123.96854 4.52724 0.00000 0.51056 0.52018 0.00000
21.62859 124.06311 4.62361 0.00000 0.51073 0.52060 0.00000
21.64914 124.15762 4.71997 0.00000 0.51090 0.52101 0.00000
21.66967 124.25208 4.81632 0.00000 0.51107 0.52142 0.00000
21.69018 124.34648 4.91266 0.00000 0.51124 0.52183 0.00000
21.71067 124.44084 5.00899 0.00000 0.51142 0.52224 0.00000
21.73114 124.53514 5.10530 0.00000 0.51160 0.52265 0.00000
21.75159 124.62939 5.20161 0.00000 0.51178 0.52305 0.00000
21.77203 124.72359 5.29791 0.00000 0.51196 0.52345 0.00000
21.79245 124.81774 5.39419 0.00000 0.51214 0.52385 0.00000
21.81285 124.91185 5.49047 0.00000 0.51232 0.52425 0.00000
21.83323 125.00590 5.58673 0.00000 0.51251 0.52464 0.00000
21.85360 125.09991 5.68299 0.00000 0.51270 0.52504 0.00000
21.87395 125.19388 5.77923 0.00000 0.51289 0.52543 0.00000
21.89428 125.28780 5.87546 0.00000 0.51308 0.52582 0.00000
21.91459 125.38167 5.97169 0.00000 0.51327 0.52620 0.00000
21.93489 125.47550 6.06790 0.00000 0.51346 0.52659 0.00000
21.95517 125.56929 6.16410 0.00000 0.51366 0.52697 0.00000
21.97543 125.66303 6.26029 0.00000 0.51385 0.52735 0.00000
21.99568 125.75674 6.35647 0.00000 0.51405 0.52773 0.00000
22.01591 125.85040 6.45265 0.00000 0.51424 0.52810 0.00000
22.03612 125.94402 6.54881 0.00000 0.51444 0.52848 0.00000
22.05632 126.03761 6.64496 0.00000 0.51464 0.52885 0.00000
22.07650 126.13115 6.74110 0.00000 0.51484 0.52922 0.00000
22.09666 126.22465 6.83723 0.00000 0.51504 0.52959 0.00000
22.11681 126.31812 6.93335 0.00000 0.51524 0.52996 0.00000
22.13694 126.41155 7.02946 0.00000 0.51545 0.53032 0.00000
22.15706 126.50494 7.12556 0.00000 0.51565 0.53068 0.00000
22.17716 126.59830 7.22165 0.00000 0.51585 0.53104 0.00000
22.19725 126.69162 7.31773 0.00000 0.51606 0.53140 0.00000
22.21732 126.78490 7.41381 0.00000 0.51626 0.53176 0.00000
22.23737 126.87815 7.50987 0.00000 0.51647 0.53211 0.00000
22.25741 126.97137 7.60592 0.00000 0.51668 0.53247 0.00000
22.27743 127.06455 7.70196 0.00000 0.51688 0.53282 0.00000
22.29744 127.15770 7.79800 0.00000 0.51709 0.53317 0.00000
22.31743 127.25081 7.89402 0.00000 0.51730 0.53352 0.00000
22.33741 127.34390 7.99003 0.00000 0.51750 0.53386 0.00000
22.35738 127.43695 8.08604 0.00000 0.51771 0.53421 0.00000
22.37732 127.52997 8.18203 0.00000 0.51792 0.53455 0.00000
22.39726 127.62296 8.27802 0.00000 0.51813 0.53489 0.00000
22.41718 127.71592 8.37400 0.00000 0.51834 0.53523 0.00000
22.43708 127.80885 8.46997 0.00000 0.51855 0.53556 0.00000
22.45697 127.90175 8.56592 0.00000 0.51876 0.53590 0.00000
22.47685 127.99462 8.66188 0.00000 0.51897 0.53623 0.00000
22.49671 128.08746 8.75782 0.00000 0.51918 0.53656 0.00000
22.51656 128.18028 8.85375 0.00000 0.51938 0.53689 0.00000
22.53639 128.27306 8.94967 0.00000 0.51959 0.53722 0.00000
22.55621 128.36582 9.04559 0.00000 0.51980 0.53755 0.00000
22.57602 128.45855 9.14149 0.00000 0.52001 0.53787 0.00000
22.59581 128.55125 9.23739 0.00000 0.52022 0.53820 0.00000
22.61559 128.64393 9.33328 0.00000 0.52043 0.53852 0.00000
22.63536 128.73658 9.42916 0.00000 0.52064 0.53884 0.00000
22.65511 128.82921 9.52503 0.00000 0.52085 0.53916 0.00000
22.67485 128.92181 9.62089 0.00000 0.52106 0.53947 0.00000
22.69457 129.01438 9.71675 0.00000 0.52127 0.53979 0.00000
22.71429 129.10694 9.81260 0.00000 0.52148 0.54010 0.00000
22.73399 129.19946 9.90844 0.00000 0.52169 0.54041 0.00000
22.75367 129.29196 10.00427 0.00000 0.52190 0.54072 0.00000
22.77335 129.38444 10.10009 0.00000 0.52211 0.54103 0.00000
22.79301 129.47690 10.19590 0.00000 0.52232 0.54134 0.00000
22.81265 129.56933 10.29171 0.00000 0.52252 0.54165 0.00000
22.83229 129.66174 10.38751 0.00000 0.52273 0.54195 0.00000
22.85191 129.75412 10.48330 0.00000 0.52294 0.54225 0.00000
22.87152 129.84649 10.57908 0.00000 0.52315 0.54255 0.00000
22.89112 129.93883 10.67486 0.00000 0.52335 0.54285 0.00000
22.91070 130.03115 10.77062 0.00000 0.52356 0.54315 0.00000
22.93028 130.12345 10.86638 0.00000 0.52377 0.54345 0.00000
22.94984 130.21573 10.96214 0.00000 0.52397 0.54374 0.00000
22.96939 130.30799 11.05788 0.00000 0.52418 0.54403 0.00000
22.98892 130.40022 11.15362 0.00000 0.52439 0.54433 0.00000
23.00845 130.49244 11.24935 0.00000 0.52459 0.54462 0.00000
23.02796 130.58464 11.34507 0.00000 0.52480 0.54490 0.00000
23.04746 130.67681 11.44078 0.00000 0.52500 0.54519 0.00000
23.06695 130.76897 11.53649 0.00000 0.52520 0.54548 0.00000
23.08643 130.86111 11.63219 0.00000 0.52541 0.54576 0.00000
23.10589 130.95323 11.72789 0.00000 0.52561 0.54605 0.00000
23.12535 131.04532 11.82357 0.00000 0.52581 0.54633 0.00000
23.14479 131.13741 11.91925 0.00000 0.52602 0.54661 0.00000
23.16422 131.22947 12.01492 0.00000 0.52622 0.54689 0.00000
23.18364 131.32151 12.11059 0.00000 0.52642 0.54716 0.00000
23.20305 131.41354 12.20625 0.00000 0.52662 0.54744 0.00000
23.22245 131.50555 12.30190 0.00000 0.52682 0.54771 0.00000
23.24184 131.59754 12.39755 0.00000 0.52702 0.54799 0.00000
23.26121 131.68951 12.49318 0.00000 0.52722 0.54826 0.00000
23.28058 131.78147 12.58882 0.00000 0.52742 0.54853 0.00000
23.29993 131.87341 12.68444 0.00000 0.52762 0.54880 0.00000
23.31928 131.96533 12.78006 0.00000 0.52782 0.54907 0.00000
23.33861 132.05724 12.87567 0.00000 0.52802 0.54934 0.00000
23.35793 132.14913 12.97128 0.00000 0.52821 0.54960 0.00000
23.37724 132.24100 13.06688 0.00000 0.52841 0.54986 0.00000
23.39654 132.33286 13.16247 0.00000 0.52861 0.55013 0.00000
23.41583 132.42471 13.25805 0.00000 0.52880 0.55039 0.00000
23.43511 132.51653 13.35363 0.00000 0.52900 0.55065 0.00000
23.45438 132.60834 13.44921 0.00000 0.52919 0.55091 0.00000
23.47364 132.70014 13.54478 0.00000 0.52939 0.55117 0.00000
23.49289 132.79192 13.64034 0.00000 0.52958 0.55142 0.00000
23.51213 132.88369 13.73589 0.00000 0.52978 0.55168 0.00000
23.53136 132.97544 13.83144 0.00000 0.52997 0.55193 0.00000
23.55058 133.06718 13.92699 0.00000 0.53016 0.55218 0.00000
23.56979 133.15890 14.02252 0.00000 0.53035 0.55243 0.00000
23.58899 133.25061 14.11805 0.00000 0.53054 0.55268 0.00000
23.60817 133.34230 14.21358 0.00000 0.53073 0.55293 0.00000
23.62735 133.43398 14.30910 0.00000 0.53092 0.55318 0.00000
23.64652 133.52565 14.40461 0.00000 0.53111 0.55343 0.00000
23.66568 133.61730 14.50012 0.00000 0.53130 0.55367 0.00000
23.68483 133.70894 14.59562 0.00000 0.53149 0.55392 0.00000
23.70397 133.80057 14.69112 0.00000 0.53168 0.55416 0.00000
23.72311 133.89218 14.78661 0.00000 0.53186 0.55440 0.00000
23.74223 133.98378 14.88210 0.00000 0.53205 0.55464 0.00000
23.76134 134.07537 14.97758 0.00000 0.53224 0.55488 0.00000
23.78044 134.16694 15.07305 0.00000 0.53242 0.55512 0.00000
23.79954 134.25850 15.16852 0.00000 0.53260 0.55536 0.00000
23.81862 134.35005 15.26399 0.00000 0.53279 0.55559 0.00000
23.83770 134.44159 15.35944 0.00000 0.53297 0.55583 0.00000
23.85676 134.53311 15.45490 0.00000 0.53316 0.55606 0.00000
23.87582 134.62462 15.55035 0.00000 0.53334 0.55630 0.00000
23.89487 134.71612 15.64579 0.00000 0.53352 0.55653 0.00000
23.91391 134.80761 15.74123 0.00000 0.53370 0.55676 0.00000
23.93294 134.89909 15.83666 0.00000 0.53388 0.55699 0.00000
23.95196 134.99055 15.93209 0.00000 0.53406 0.55722 0.00000
23.97097 135.08201 16.02751 0.00000 0.53424 0.55744 0.00000
23.98998 135.17345 16.12292 0.00000 0.53442 0.55767 0.00000
24.00897 135.26488 16.21834 0.00000 0.53460 0.55789 0.00000
24.02796 135.35630 16.31374 0.00000 0.53477 0.55812 0.00000
24.04694 135.44771 16.40915 0.00000 0.53495 0.55834 0.00000
24.06591 135.53911 16.50454 0.00000 0.53513 0.55856 0.00000
24.08487 135.63049 16.59994 0.00000 0.53530 0.55878 0.00000
24.10382 135.72187 16.69532 0.00000 0.53548 0.55900 0.00000
24.12277 135.81323 16.79071 0.00000 0.53565 0.55922 0.00000
24.14170 135.90459 16.88608 0.00000 0.53583 0.55944 0.00000
24.16063 135.99593 16.98146 0.00000 0.53600 0.55966 0.00000
24.17955 136.08727 17.07682 0.00000 0.53617 0.55987 0.00000
24.19846 136.17859 17.17219 0.00000 0.53635 0.56009 0.00000
24.21736 136.26991 17.26755 0.00000 0.53652 0.56030 0.00000
24.23626 136.36121 17.36290 0.00000 0.53669 0.56052 0.00000
24.25514 136.45250 17.45825 0.00000 0.53686 0.56073 0.00000
24.27402 136.54379 17.55360 0.00000 0.53703 0.56094 0.00000
24.29289 136.63506 17.64894 0.00000 0.53720 0.56115 0.00000
24.31176 136.72633 17.74427 0.00000 0.53737 0.56136 0.00000
24.33061 136.81758 17.83961 0.00000 0.53753 0.56157 0.00000
24.34946 136.90883 17.93493 0.00000 0.53770 0.56177 0.00000
24.36830 137.00006 18.03026 0.00000 0.53787 0.56198 0.00000
24.38713 137.09129 18.12558 0.00000 0.53803 0.56218 0.00000
24.40596 137.18251 18.22089 0.00000 0.53820 0.56239 0.00000
24.42477 137.27372 18.31620 0.00000 0.53837 0.56259 0.00000
24.44358 137.36492 18.41151 0.00000 0.53853 0.56279 0.00000
24.46238 137.45611 18.50681 0.00000 0.53869 0.56300 0.00000
24.48117 137.54729 18.60211 0.00000 0.53886 0.56320 0.00000
24.49996 137.63846 18.69740 0.00000 0.53902 0.56340 0.00000
24.51874 137.72962 18.79269 0.00000 0.53918 0.56359 0.00000
24.53751 137.82078 18.88797 0.00000 0.53934 0.56379 0.00000
24.55627 137.91193 18.98326 0.00000 0.53950 0.56399 0.00000
24.57503 138.00307 19.07853 0.00000 0.53967 0.56419 0.00000
24.59378 138.09420 19.17381 0.00000 0.53983 0.56438 0.00000
24.61252 138.18532 19.26907 0.00000 0.53998 0.56458 0.00000
24.63126 138.27643 19.36434 0.00000 0.54014 0.56477 0.00000
24.64998 138.36754 19.45960 0.00000 0.54030 0.56496 0.00000
24.66870 138.45863 19.55486 0.00000 0.54046 0.56515 0.00000
24.68742 138.54972 19.65011 0.00000 0.54062 0.56534 0.00000
24.70612 138.64080 19.74536 0.00000 0.54077 0.56553 0.00000
24.72482 138.73188 19.84061 0.00000 0.54093 0.56572 0.00000
24.74352 138.82294 19.93585 0.00000 0.54108 0.56591 0.00000
24.76220 138.91400 20.03108 0.00000 0.54124 0.56610 0.00000
24.78088 139.00505 20.12632 0.00000 0.54139 0.56629 0.00000
24.79955 139.09609 20.22155 0.00000 0.54155 0.56647 0.00000
24.81822 139.18713 20.31678 0.00000 0.54170 0.56666 0.00000
24.83687 139.27815 20.41200 0.00000 0.54185 0.56684 0.00000
24.85552 139.36917 20.50722 0.00000 0.54200 0.56702 0.00000
24.87417 139.46018 20.60243 0.00000 0.54215 0.56721 0.00000
24.89281 139.55119 20.69765 0.00000 0.54231 0.56739 0.00000
24.91144 139.64219 20.79285 0.00000 0.54246 0.56757 0.00000
24.93006 139.73318 20.88806 0.00000 0.54261 0.56775 0.00000
24.94868 139.82416 20.98326 0.00000 0.54276 0.56793 0.00000
24.96729 139.91514 21.07846 0.00000 0.54290 0.56811 0.00000
24.98590 140.00610 21.17365 0.00000 0.54305 0.56829 0.00000
25.00449 140.09707 21.26884 0.00000 0.54320 0.56846 0.00000
25.02309 140.18802 21.36403 0.00000 0.54335 0.56864 0.00000
25.04167 140.27897 21.45921 0.00000 0.54349 0.56882 0.00000
25.06025 140.36991 21.55440 0.00000 0.54364 0.56899 0.00000
25.07882 140.46085 21.64957 0.00000 0.54378 0.56916 0.00000
25.09739 140.55177 21.74475 0.00000 0.54393 0.56934 0.00000
25.11595 140.64270 21.83992 0.00000 0.54407 0.56951 0.00000
25.13450 140.73361 21.93508 0.00000 0.54422 0.56968 0.00000
25.15305 140.82452 22.03025 0.00000 0.54436 0.56985 0.00000
25.17159 140.91542 22.12541 0.00000 0.54450 0.57002 0.00000
25.19013 141.00632 22.22056 0.00000 0.54465 0.57019 0.00000
25.20865 141.09720 22.31572 0.00000 0.54479 0.57036 0.00000
25.22718 141.18809 22.41087 0.00000 0.54493 0.57053 0.00000
25.24569 141.27896 22.50602 0.00000 0.54507 0.57070 0.00000
25.26420 141.36983 22.60116 0.00000 0.54521 0.57087 0.00000
25.28271 141.46070 22.69630 0.00000 0.54535 0.57103 0.00000
25.30121 141.55155 22.79144 0.00000 0.54549 0.57120 0.00000
25.31970 141.64241 22.88658 0.00000 0.54563 0.57136 0.00000
25.33819 141.73325 22.98171 0.00000 0.54577 0.57153 0.00000
25.35667 141.82409 23.07684 0.00000 0.54590 0.57169 0.00000
25.37514 141.91492 23.17196 0.00000 0.54604 0.57185 0.00000
25.39361 142.00575 23.26708 0.00000 0.54618 0.57201 0.00000
25.41208 142.09657 23.36220 0.00000 0.54631 0.57218 0.00000
25.43053 142.18739 23.45732 0.00000 0.54645 0.57234 0.00000
25.44899 142.27820 23.55243 0.00000 0.54658 0.57250 0.00000
25.46743 142.36900 23.64754 0.00000 0.54672 0.57266 0.00000
25.48587 142.45980 23.74265 0.00000 0.54685 0.57281 0.00000
25.50431 142.55059 23.83776 0.00000 0.54699 0.57297 0.00000
25.52274 142.64138 23.93286 0.00000 0.54712 0.57313 0.00000
25.54116 142.73216 24.02796 0.00000 0.54725 0.57329 0.00000
25.55958 142.82294 24.12305 0.00000 0.54739 0.57344 0.00000
25.57799 142.91371 24.21815 0.00000 0.54752 0.57360 0.00000
25.59640 143.00448 24.31324 0.00000 0.54765 0.57375 0.00000
25.61480 143.09524 24.40832 0.00000 0.54778 0.57391 0.00000
25.63319 143.18599 24.50341 0.00000 0.54791 0.57406 0.00000
25.65158 143.27674 24.59849 0.00000 0.54804 0.57421 0.00000
25.66997 143.36748 24.69357 0.00000 0.54817 0.57437 0.00000
25.68835 143.45822 24.78865 0.00000 0.54830 0.57452 0.00000
25.70672 143.54895 24.88372 0.00000 0.54843 0.57467 0.00000
25.72509 143.63968 24.97879 0.00000 0.54855 0.57482 0.00000
25.74346 143.73040 25.07386 0.00000 0.54868 0.57497 0.00000
25.76181 143.82112 25.16892 0.00000 0.54881 0.57512 0.00000
25.78017 143.91183 25.26399 0.00000 0.54894 0.57527 0.00000
25.79851 144.00254 25.35905 0.00000 0.54906 0.57542 0.00000
25.81686 144.09324 25.45410 0.00000 0.54919 0.57556 0.00000
25.83519 144.18394 25.54916 0.00000 0.54931 0.57571 0.00000
25.85353 144.27463 25.64421 0.00000 0.54944 0.57586 0.00000
25.87185 144.36532 25.73926 0.00000 0.54956 0.57600 0.00000
25.89018 144.45600 25.83431 0.00000 0.54969 0.57615 0.00000
25.90849 144.54668 25.92935 0.00000 0.54981 0.57629 0.00000
25.92680 144.63736 26.02439 0.00000 0.54993 0.57644 0.00000
25.94511 144.72802 26.11943 0.00000 0.55006 0.57658 0.00000
25.96341 144.81869 26.21447 0.00000 0.55018 0.57672 0.00000
25.98171 144.90935 26.30950 0.00000 0.55030 0.57686 0.00000
26.00000 145.00000 26.40453 0.00000 0.55042 0.57701 0.00000
