# binary boomerang  M1=1.0 M2=4.0  180deg U-turn  |A-B|=24.6M  samples=1600  duration=30.0s
# up 0 0 1
# hole 0.00000 0.00000 0 1.00000
# hole 100.00000 0.00000 0 4.00000
0.00000 -5.00000 -12.00000 0.00000 0.89998 0.00615 0.00000
0.01461 -4.84086 -11.99872 0.00000 0.89919 0.00828 0.00000
0.02925 -4.68156 -11.99706 0.00000 0.89837 0.01045 0.00000
0.04391 -4.52209 -11.99501 0.00000 0.89752 0.01267 0.00000
0.05861 -4.36246 -11.99256 0.00000 0.89664 0.01492 0.00000
0.07333 -4.20267 -11.98969 0.00000 0.89573 0.01722 0.00000
0.08809 -4.04271 -11.98641 0.00000 0.89479 0.01955 0.00000
0.10287 -3.88260 -11.98270 0.00000 0.89382 0.02193 0.00000
0.11769 -3.72232 -11.97855 0.00000 0.89281 0.02434 0.00000
0.13254 -3.56190 -11.97395 0.00000 0.89177 0.02680 0.00000
0.14742 -3.40132 -11.96890 0.00000 0.89071 0.02930 0.00000
0.16233 -3.24060 -11.96338 0.00000 0.88960 0.03183 0.00000
0.17727 -3.07973 -11.95739 0.00000 0.88847 0.03440 0.00000
0.19225 -2.91872 -11.95091 0.00000 0.88730 0.03700 0.00000
0.20725 -2.75757 -11.94395 0.00000 0.88609 0.03965 0.00000
0.22230 -2.59628 -11.93649 0.00000 0.88486 0.04232 0.00000
0.23737 -2.43487 -11.92851 0.00000 0.88358 0.04503 0.00000
0.25248 -2.27333 -11.92002 0.00000 0.88228 0.04778 0.00000
0.26762 -2.11168 -11.91101 0.00000 0.88094 0.05055 0.00000
0.28280 -1.94990 -11.90146 0.00000 0.87956 0.05335 0.00000
0.29801 -1.78802 -11.89137 0.00000 0.87815 0.05618 0.00000
0.31326 -1.62603 -11.88074 0.00000 0.87671 0.05904 0.00000
0.32854 -1.46394 -11.86955 0.00000 0.87524 0.06193 0.00000
0.34385 -1.30177 -11.85779 0.00000 0.87373 0.06484 0.00000
0.35920 -1.13950 -11.84547 0.00000 0.87218 0.06777 0.00000
0.37459 -0.97715 -11.83257 0.00000 0.87061 0.07072 0.00000
0.39001 -0.81474 -11.81909 0.00000 0.86900 0.07369 0.00000
0.40547 -0.65225 -11.80502 0.00000 0.86736 0.07667 0.00000
0.42096 -0.48971 -11.79035 0.00000 0.86569 0.07967 0.00000
0.43648 -0.32711 -11.77509 0.00000 0.86400 0.08269 0.00000
0.45204 -0.16447 -11.75922 0.00000 0.86227 0.08572 0.00000
0.46764 -0.00179 -11.74275 0.00000 0.86051 0.08875 0.00000
0.48327 0.16092 -11.72566 0.00000 0.85873 0.09179 0.00000
0.49894 0.32364 -11.70796 0.00000 0.85692 0.09484 0.00000
0.51464 0.48639 -11.68964 0.00000 0.85509 0.09789 0.00000
0.53037 0.64913 -11.67070 0.00000 0.85323 0.10095 0.00000
0.54614 0.81187 -11.65113 0.00000 0.85135 0.10400 0.00000
0.56194 0.97460 -11.63094 0.00000 0.84945 0.10705 0.00000
0.57778 1.13731 -11.61012 0.00000 0.84753 0.11009 0.00000
0.59365 1.30000 -11.58867 0.00000 0.84559 0.11313 0.00000
0.60955 1.46264 -11.56659 0.00000 0.84364 0.11616 0.00000
0.62549 1.62524 -11.54389 0.00000 0.84167 0.11917 0.00000
0.64146 1.78779 -11.52055 0.00000 0.83968 0.12218 0.00000
0.65746 1.95027 -11.49659 0.00000 0.83768 0.12517 0.00000
0.67349 2.11268 -11.47201 0.00000 0.83568 0.12814 0.00000
0.68955 2.27502 -11.44680 0.00000 0.83366 0.13109 0.00000
0.70564 2.43726 -11.42097 0.00000 0.83164 0.13403 0.00000
0.72176 2.59941 -11.39452 0.00000 0.82961 0.13694 0.00000
0.73791 2.76146 -11.36746 0.00000 0.82758 0.13982 0.00000
0.75409 2.92340 -11.33978 0.00000 0.82555 0.14269 0.00000
0.77030 3.08521 -11.31150 0.00000 0.82351 0.14552 0.00000
0.78653 3.24690 -11.28262 0.00000 0.82148 0.14833 0.00000
0.80279 3.40846 -11.25314 0.00000 0.81945 0.15111 0.00000
0.81908 3.56987 -11.22306 0.00000 0.81743 0.15385 0.00000
0.83539 3.73114 -11.19240 0.00000 0.81541 0.15657 0.00000
0.85173 3.89225 -11.16117 0.00000 0.81340 0.15925 0.00000
0.86809 4.05320 -11.12935 0.00000 0.81141 0.16189 0.00000
0.88447 4.21398 -11.09698 0.00000 0.80942 0.16450 0.00000
0.90088 4.37459 -11.06404 0.00000 0.80745 0.16708 0.00000
0.91731 4.53502 -11.03055 0.00000 0.80549 0.16961 0.00000
0.93376 4.69526 -10.99652 0.00000 0.80355 0.17211 0.00000
0.95023 4.85532 -10.96195 0.00000 0.80163 0.17457 0.00000
0.96671 5.01518 -10.92685 0.00000 0.79972 0.17699 0.00000
0.98322 5.17483 -10.89123 0.00000 0.79784 0.17937 0.00000
0.99974 5.33429 -10.85511 0.00000 0.79598 0.18171 0.00000
1.01629 5.49353 -10.81848 0.00000 0.79414 0.18401 0.00000
1.03284 5.65256 -10.78136 0.00000 0.79233 0.18627 0.00000
1.04941 5.81138 -10.74376 0.00000 0.79055 0.18849 0.00000
1.06600 5.96998 -10.70568 0.00000 0.78879 0.19067 0.00000
1.08260 6.12835 -10.66714 0.00000 0.78706 0.19280 0.00000
1.09921 6.28650 -10.62815 0.00000 0.78535 0.19490 0.00000
1.11584 6.44442 -10.58871 0.00000 0.78368 0.19695 0.00000
1.13247 6.60212 -10.54883 0.00000 0.78204 0.19896 0.00000
1.14911 6.75958 -10.50853 0.00000 0.78043 0.20094 0.00000
1.16577 6.91681 -10.46781 0.00000 0.77885 0.20287 0.00000
1.18243 7.07380 -10.42669 0.00000 0.77731 0.20476 0.00000
1.19910 7.23056 -10.38517 0.00000 0.77580 0.20661 0.00000
1.21578 7.38708 -10.34326 0.00000 0.77432 0.20842 0.00000
1.23246 7.54337 -10.30097 0.00000 0.77287 0.21019 0.00000
1.24915 7.69942 -10.25832 0.00000 0.77147 0.21192 0.00000
1.26585 7.85523 -10.21531 0.00000 0.77009 0.21362 0.00000
1.28255 8.01081 -10.17195 0.00000 0.76875 0.21527 0.00000
1.29925 8.16614 -10.12825 0.00000 0.76745 0.21689 0.00000
1.31595 8.32125 -10.08422 0.00000 0.76618 0.21847 0.00000
1.33266 8.47611 -10.03986 0.00000 0.76495 0.22002 0.00000
1.34936 8.63074 -9.99520 0.00000 0.76375 0.22153 0.00000
1.36607 8.78514 -9.95023 0.00000 0.76259 0.22301 0.00000
1.38278 8.93931 -9.90497 0.00000 0.76147 0.22445 0.00000
1.39949 9.09324 -9.85942 0.00000 0.76038 0.22586 0.00000
1.41619 9.24695 -9.81359 0.00000 0.75932 0.22723 0.00000
1.43289 9.40043 -9.76750 0.00000 0.75830 0.22857 0.00000
1.44959 9.55368 -9.72114 0.00000 0.75732 0.22988 0.00000
1.46629 9.70670 -9.67453 0.00000 0.75637 0.23117 0.00000
1.48299 9.85951 -9.62767 0.00000 0.75545 0.23242 0.00000
1.49968 10.01209 -9.58058 0.00000 0.75457 0.23364 0.00000
1.51636 10.16446 -9.53325 0.00000 0.75372 0.23483 0.00000
1.53304 10.31661 -9.48571 0.00000 0.75291 0.23599 0.00000
1.54971 10.46855 -9.43794 0.00000 0.75213 0.23713 0.00000
1.56638 10.62028 -9.38997 0.00000 0.75138 0.23824 0.00000
1.58304 10.77180 -9.34179 0.00000 0.75066 0.23932 0.00000
1.59970 10.92311 -9.29342 0.00000 0.74997 0.24038 0.00000
1.61634 11.07422 -9.24486 0.00000 0.74932 0.24142 0.00000
1.63298 11.22513 -9.19612 0.00000 0.74869 0.24243 0.00000
1.64961 11.37585 -9.14720 0.00000 0.74810 0.24341 0.00000
1.66624 11.52637 -9.09811 0.00000 0.74753 0.24438 0.00000
1.68285 11.67669 -9.04885 0.00000 0.74700 0.24532 0.00000
1.69945 11.82683 -8.99943 0.00000 0.74649 0.24624 0.00000
1.71605 11.97678 -8.94986 0.00000 0.74601 0.24714 0.00000
1.73263 12.12655 -8.90014 0.00000 0.74555 0.24802 0.00000
1.74921 12.27614 -8.85028 0.00000 0.74513 0.24888 0.00000
1.76577 12.42555 -8.80028 0.00000 0.74473 0.24972 0.00000
1.78232 12.57478 -8.75014 0.00000 0.74435 0.25054 0.00000
1.79886 12.72385 -8.69988 0.00000 0.74400 0.25134 0.00000
1.81540 12.87274 -8.64949 0.00000 0.74367 0.25213 0.00000
1.83191 13.02147 -8.59898 0.00000 0.74337 0.25289 0.00000
1.84842 13.17003 -8.54835 0.00000 0.74309 0.25365 0.00000
1.86492 13.31843 -8.49761 0.00000 0.74283 0.25438 0.00000
1.88140 13.46668 -8.44677 0.00000 0.74260 0.25510 0.00000
1.89787 13.61477 -8.39582 0.00000 0.74238 0.25581 0.00000
1.91433 13.76271 -8.34476 0.00000 0.74219 0.25650 0.00000
1.93078 13.91050 -8.29362 0.00000 0.74201 0.25717 0.00000
1.94721 14.05814 -8.24237 0.00000 0.74186 0.25783 0.00000
1.96363 14.20564 -8.19104 0.00000 0.74172 0.25848 0.00000
1.98004 14.35299 -8.13962 0.00000 0.74161 0.25912 0.00000
1.99643 14.50021 -8.08812 0.00000 0.74151 0.25974 0.00000
2.01282 14.64729 -8.03653 0.00000 0.74143 0.26035 0.00000
2.02918 14.79424 -7.98487 0.00000 0.74136 0.26095 0.00000
2.04554 14.94105 -7.93313 0.00000 0.74131 0.26154 0.00000
2.06188 15.08774 -7.88132 0.00000 0.74128 0.26211 0.00000
2.07821 15.23430 -7.82944 0.00000 0.74127 0.26268 0.00000
2.09452 15.38074 -7.77750 0.00000 0.74126 0.26323 0.00000
2.11082 15.52706 -7.72549 0.00000 0.74128 0.26377 0.00000
2.12711 15.67325 -7.67341 0.00000 0.74130 0.26431 0.00000
2.14338 15.81933 -7.62128 0.00000 0.74134 0.26483 0.00000
2.15964 15.96530 -7.56908 0.00000 0.74139 0.26535 0.00000
2.17589 16.11116 -7.51683 0.00000 0.74146 0.26585 0.00000
2.19212 16.25690 -7.46453 0.00000 0.74154 0.26635 0.00000
2.20834 16.40254 -7.41218 0.00000 0.74163 0.26683 0.00000
2.22454 16.54807 -7.35977 0.00000 0.74173 0.26731 0.00000
2.24073 16.69350 -7.30732 0.00000 0.74184 0.26778 0.00000
2.25691 16.83882 -7.25482 0.00000 0.74196 0.26825 0.00000
2.27307 16.98405 -7.20227 0.00000 0.74209 0.26870 0.00000
2.28922 17.12918 -7.14968 0.00000 0.74224 0.26915 0.00000
2.30536 17.27421 -7.09705 0.00000 0.74239 0.26959 0.00000
2.32148 17.41915 -7.04438 0.00000 0.74255 0.27002 0.00000
2.33759 17.56400 -6.99167 0.00000 0.74272 0.27045 0.00000
2.35368 17.70876 -6.93893 0.00000 0.74290 0.27087 0.00000
2.36976 17.85343 -6.88614 0.00000 0.74308 0.27128 0.00000
2.38583 17.99802 -6.83333 0.00000 0.74327 0.27169 0.00000
2.40188 18.14252 -6.78048 0.00000 0.74348 0.27209 0.00000
2.41792 18.28694 -6.72759 0.00000 0.74368 0.27248 0.00000
2.43394 18.43127 -6.67468 0.00000 0.74390 0.27287 0.00000
2.44996 18.57553 -6.62174 0.00000 0.74412 0.27325 0.00000
2.46595 18.71971 -6.56876 0.00000 0.74435 0.27363 0.00000
2.48194 18.86381 -6.51576 0.00000 0.74458 0.27400 0.00000
2.49791 19.00784 -6.46273 0.00000 0.74482 0.27436 0.00000
2.51387 19.15180 -6.40968 0.00000 0.74507 0.27472 0.00000
2.52982 19.29568 -6.35660 0.00000 0.74532 0.27508 0.00000
2.54575 19.43950 -6.30350 0.00000 0.74558 0.27543 0.00000
2.56167 19.58324 -6.25037 0.00000 0.74584 0.27577 0.00000
2.57757 19.72692 -6.19722 0.00000 0.74610 0.27611 0.00000
2.59347 19.87053 -6.14405 0.00000 0.74637 0.27645 0.00000
2.60935 20.01408 -6.09086 0.00000 0.74664 0.27678 0.00000
2.62521 20.15757 -6.03765 0.00000 0.74692 0.27711 0.00000
2.64107 20.30099 -5.98442 0.00000 0.74720 0.27743 0.00000
2.65691 20.44435 -5.93117 0.00000 0.74749 0.27775 0.00000
2.67274 20.58765 -5.87790 0.00000 0.74778 0.27806 0.00000
2.68855 20.73090 -5.82462 0.00000 0.74807 0.27837 0.00000
2.70436 20.87408 -5.77131 0.00000 0.74836 0.27868 0.00000
2.72015 21.01721 -5.71800 0.00000 0.74866 0.27898 0.00000
2.73593 21.16029 -5.66466 0.00000 0.74896 0.27928 0.00000
2.75170 21.30331 -5.61131 0.00000 0.74927 0.27957 0.00000
2.76745 21.44628 -5.55795 0.00000 0.74957 0.27986 0.00000
2.78319 21.58920 -5.50457 0.00000 0.74988 0.28015 0.00000
2.79892 21.73207 -5.45118 0.00000 0.75019 0.28043 0.00000
2.81464 21.87489 -5.39778 0.00000 0.75050 0.28071 0.00000
2.83035 22.01766 -5.34436 0.00000 0.75081 0.28099 0.00000
2.84604 22.16039 -5.29093 0.00000 0.75113 0.28127 0.00000
2.86173 22.30306 -5.23749 0.00000 0.75145 0.28154 0.00000
2.87740 22.44570 -5.18404 0.00000 0.75177 0.28180 0.00000
2.89306 22.58828 -5.13057 0.00000 0.75209 0.28207 0.00000
2.90871 22.73083 -5.07710 0.00000 0.75241 0.28233 0.00000
2.92435 22.87333 -5.02362 0.00000 0.75273 0.28258 0.00000
2.93997 23.01579 -4.97012 0.00000 0.75305 0.28284 0.00000
2.95559 23.15821 -4.91662 0.00000 0.75338 0.28309 0.00000
2.97119 23.30059 -4.86311 0.00000 0.75370 0.28334 0.00000
2.98678 23.44293 -4.80959 0.00000 0.75403 0.28359 0.00000
3.00236 23.58523 -4.75605 0.00000 0.75436 0.28383 0.00000
3.01794 23.72749 -4.70252 0.00000 0.75469 0.28407 0.00000
3.03350 23.86972 -4.64897 0.00000 0.75501 0.28431 0.00000
3.04904 24.01191 -4.59542 0.00000 0.75534 0.28454 0.00000
3.06458 24.15406 -4.54185 0.00000 0.75567 0.28478 0.00000
3.08011 24.29619 -4.48829 0.00000 0.75600 0.28501 0.00000
3.09563 24.43827 -4.43471 0.00000 0.75633 0.28524 0.00000
3.11114 24.58033 -4.38113 0.00000 0.75666 0.28546 0.00000
3.12663 24.72235 -4.32754 0.00000 0.75699 0.28568 0.00000
3.14212 24.86434 -4.27394 0.00000 0.75732 0.28590 0.00000
3.15760 25.00630 -4.22034 0.00000 0.75765 0.28612 0.00000
3.17306 25.14823 -4.16674 0.00000 0.75798 0.28634 0.00000
3.18852 25.29013 -4.11312 0.00000 0.75831 0.28655 0.00000
3.20397 25.43200 -4.05950 0.00000 0.75864 0.28676 0.00000
3.21940 25.57384 -4.00588 0.00000 0.75897 0.28697 0.00000
3.23483 25.71565 -3.95225 0.00000 0.75930 0.28718 0.00000
3.25025 25.85744 -3.89862 0.00000 0.75963 0.28738 0.00000
3.26566 25.99920 -3.84498 0.00000 0.75996 0.28759 0.00000
3.28106 26.14093 -3.79134 0.00000 0.76029 0.28779 0.00000
3.29644 26.28264 -3.73769 0.00000 0.76061 0.28799 0.00000
3.31182 26.42432 -3.68404 0.00000 0.76094 0.28818 0.00000
3.32720 26.56598 -3.63038 0.00000 0.76127 0.28838 0.00000
3.34256 26.70762 -3.57672 0.00000 0.76159 0.28857 0.00000
3.35791 26.84923 -3.52306 0.00000 0.76192 0.28876 0.00000
3.37325 26.99082 -3.46939 0.00000 0.76224 0.28895 0.00000
3.38859 27.13239 -3.41572 0.00000 0.76257 0.28914 0.00000
3.40391 27.27393 -3.36205 0.00000 0.76289 0.28932 0.00000
3.41923 27.41546 -3.30837 0.00000 0.76321 0.28950 0.00000
3.43454 27.55696 -3.25469 0.00000 0.76354 0.28968 0.00000
3.44984 27.69844 -3.20101 0.00000 0.76386 0.28986 0.00000
3.46513 27.83991 -3.14732 0.00000 0.76418 0.29004 0.00000
3.48041 27.98135 -3.09363 0.00000 0.76450 0.29022 0.00000
3.49568 28.12278 -3.03994 0.00000 0.76481 0.29039 0.00000
3.51095 28.26418 -2.98624 0.00000 0.76513 0.29056 0.00000
3.52621 28.40557 -2.93254 0.00000 0.76545 0.29073 0.00000
3.54146 28.54695 -2.87884 0.00000 0.76577 0.29090 0.00000
3.55670 28.68830 -2.82514 0.00000 0.76608 0.29107 0.00000
3.57193 28.82964 -2.77144 0.00000 0.76639 0.29124 0.00000
3.58715 28.97096 -2.71773 0.00000 0.76671 0.29140 0.00000
3.60237 29.11227 -2.66402 0.00000 0.76702 0.29156 0.00000
3.61758 29.25356 -2.61031 0.00000 0.76733 0.29172 0.00000
3.63278 29.39483 -2.55659 0.00000 0.76764 0.29188 0.00000
3.64798 29.53609 -2.50288 0.00000 0.76795 0.29204 0.00000
3.66316 29.67734 -2.44916 0.00000 0.76826 0.29220 0.00000
3.67834 29.81857 -2.39544 0.00000 0.76856 0.29235 0.00000
3.69351 29.95979 -2.34172 0.00000 0.76887 0.29250 0.00000
3.70868 30.10100 -2.28800 0.00000 0.76918 0.29266 0.00000
3.72383 30.24219 -2.23427 0.00000 0.76948 0.29281 0.00000
3.73898 30.38337 -2.18054 0.00000 0.76978 0.29295 0.00000
3.75412 30.52454 -2.12682 0.00000 0.77008 0.29310 0.00000
3.76926 30.66570 -2.07309 0.00000 0.77038 0.29325 0.00000
3.78438 30.80685 -2.01936 0.00000 0.77068 0.29339 0.00000
3.79951 30.94798 -1.96563 0.00000 0.77098 0.29353 0.00000
3.81462 31.08911 -1.91189 0.00000 0.77128 0.29368 0.00000
3.82973 31.23022 -1.85816 0.00000 0.77157 0.29382 0.00000
3.84483 31.37133 -1.80442 0.00000 0.77187 0.29395 0.00000
3.85992 31.51242 -1.75069 0.00000 0.77216 0.29409 0.00000
3.87500 31.65351 -1.69695 0.00000 0.77245 0.29423 0.00000
3.89008 31.79459 -1.64321 0.00000 0.77275 0.29436 0.00000
3.90516 31.93566 -1.58947 0.00000 0.77304 0.29450 0.00000
3.92022 32.07672 -1.53573 0.00000 0.77332 0.29463 0.00000
3.93528 32.21777 -1.48199 0.00000 0.77361 0.29476 0.00000
3.95034 32.35882 -1.42825 0.00000 0.77390 0.29489 0.00000
3.96539 32.49985 -1.37450 0.00000 0.77418 0.29502 0.00000
3.98043 32.64088 -1.32076 0.00000 0.77447 0.29514 0.00000
3.99546 32.78191 -1.26701 0.00000 0.77475 0.29527 0.00000
4.01049 32.92293 -1.21327 0.00000 0.77503 0.29539 0.00000
4.02551 33.06394 -1.15952 0.00000 0.77531 0.29552 0.00000
4.04053 33.20494 -1.10578 0.00000 0.77559 0.29564 0.00000
4.05554 33.34594 -1.05203 0.00000 0.77587 0.29576 0.00000
4.07054 33.48694 -0.99828 0.00000 0.77615 0.29588 0.00000
4.08554 33.62793 -0.94453 0.00000 0.77642 0.29600 0.00000
4.10054 33.76891 -0.89078 0.00000 0.77670 0.29611 0.00000
4.11552 33.90989 -0.83703 0.00000 0.77697 0.29623 0.00000
4.13050 34.05087 -0.78328 0.00000 0.77724 0.29634 0.00000
4.14548 34.19184 -0.72953 0.00000 0.77752 0.29646 0.00000
4.16045 34.33281 -0.67578 0.00000 0.77779 0.29657 0.00000
4.17541 34.47377 -0.62203 0.00000 0.77806 0.29668 0.00000
4.19037 34.61474 -0.56828 0.00000 0.77832 0.29679 0.00000
4.20533 34.75569 -0.51453 0.00000 0.77859 0.29690 0.00000
4.22028 34.89665 -0.46078 0.00000 0.77886 0.29701 0.00000
4.23522 35.03761 -0.40702 0.00000 0.77912 0.29712 0.00000
4.25016 35.17856 -0.35327 0.00000 0.77938 0.29722 0.00000
4.26509 35.31951 -0.29952 0.00000 0.77964 0.29733 0.00000
4.28002 35.46046 -0.24577 0.00000 0.77991 0.29743 0.00000
4.29494 35.60141 -0.19201 0.00000 0.78017 0.29753 0.00000
4.30986 35.74235 -0.13826 0.00000 0.78042 0.29763 0.00000
4.32477 35.88330 -0.08451 0.00000 0.78068 0.29773 0.00000
4.33968 36.02424 -0.03076 0.00000 0.78094 0.29783 0.00000
4.35458 36.16519 0.02300 0.00000 0.78119 0.29793 0.00000
4.36947 36.30613 0.07675 0.00000 0.78145 0.29802 0.00000
4.38437 36.44708 0.13050 0.00000 0.78170 0.29812 0.00000
4.39925 36.58802 0.18426 0.00000 0.78195 0.29821 0.00000
4.41414 36.72897 0.23801 0.00000 0.78220 0.29831 0.00000
4.42902 36.86992 0.29176 0.00000 0.78245 0.29840 0.00000
4.44389 37.01086 0.34551 0.00000 0.78270 0.29849 0.00000
4.45876 37.15181 0.39927 0.00000 0.78295 0.29858 0.00000
4.47362 37.29276 0.45302 0.00000 0.78320 0.29867 0.00000
4.48848 37.43372 0.50677 0.00000 0.78344 0.29876 0.00000
4.50334 37.57467 0.56052 0.00000 0.78368 0.29885 0.00000
4.51819 37.71563 0.61427 0.00000 0.78393 0.29893 0.00000
4.53304 37.85659 0.66802 0.00000 0.78417 0.29902 0.00000
4.54788 37.99755 0.72178 0.00000 0.78441 0.29910 0.00000
4.56272 38.13852 0.77553 0.00000 0.78465 0.29919 0.00000
4.57755 38.27949 0.82928 0.00000 0.78489 0.29927 0.00000
4.59238 38.42046 0.88303 0.00000 0.78513 0.29935 0.00000
4.60721 38.56144 0.93678 0.00000 0.78537 0.29943 0.00000
4.62203 38.70242 0.99052 0.00000 0.78560 0.29951 0.00000
4.63685 38.84340 1.04427 0.00000 0.78584 0.29959 0.00000
4.65167 38.98439 1.09802 0.00000 0.78607 0.29966 0.00000
4.66648 39.12538 1.15177 0.00000 0.78630 0.29974 0.00000
4.68128 39.26638 1.20552 0.00000 0.78654 0.29981 0.00000
4.69608 39.40738 1.25926 0.00000 0.78677 0.29989 0.00000
4.71088 39.54839 1.31301 0.00000 0.78700 0.29996 0.00000
4.72568 39.68941 1.36675 0.00000 0.78723 0.30003 0.00000
4.74047 39.83043 1.42050 0.00000 0.78745 0.30010 0.00000
4.75526 39.97145 1.47424 0.00000 0.78768 0.30017 0.00000
4.77004 40.11248 1.52799 0.00000 0.78791 0.30024 0.00000
4.78482 40.25352 1.58173 0.00000 0.78813 0.30031 0.00000
4.79960 40.39457 1.63547 0.00000 0.78836 0.30038 0.00000
4.81437 40.53562 1.68921 0.00000 0.78858 0.30044 0.00000
4.82914 40.67668 1.74295 0.00000 0.78880 0.30051 0.00000
4.84391 40.81774 1.79669 0.00000 0.78902 0.30057 0.00000
4.85867 40.95882 1.85043 0.00000 0.78924 0.30063 0.00000
4.87343 41.09990 1.90417 0.00000 0.78946 0.30070 0.00000
4.88819 41.24099 1.95791 0.00000 0.78968 0.30076 0.00000
4.90294 41.38209 2.01164 0.00000 0.78990 0.30082 0.00000
4.91769 41.52319 2.06538 0.00000 0.79012 0.30088 0.00000
4.93244 41.66431 2.11911 0.00000 0.79033 0.30093 0.00000
4.94718 41.80543 2.17285 0.00000 0.79055 0.30099 0.00000
4.96193 41.94656 2.22658 0.00000 0.79076 0.30105 0.00000
4.97666 42.08771 2.28031 0.00000 0.79098 0.30110 0.00000
4.99140 42.22886 2.33404 0.00000 0.79119 0.30116 0.00000
5.00613 42.37002 2.38777 0.00000 0.79140 0.30121 0.00000
5.02086 42.51119 2.44150 0.00000 0.79161 0.30126 0.00000
5.03559 42.65237 2.49523 0.00000 0.79182 0.30131 0.00000
5.05031 42.79357 2.54895 0.00000 0.79203 0.30136 0.00000
5.06503 42.93477 2.60268 0.00000 0.79224 0.30141 0.00000
5.07975 43.07599 2.65640 0.00000 0.79245 0.30146 0.00000
5.09447 43.21721 2.71012 0.00000 0.79265 0.30151 0.00000
5.10918 43.35845 2.76384 0.00000 0.79286 0.30155 0.00000
5.12389 43.49970 2.81756 0.00000 0.79306 0.30160 0.00000
5.13860 43.64096 2.87128 0.00000 0.79327 0.30164 0.00000
5.15330 43.78223 2.92500 0.00000 0.79347 0.30169 0.00000
5.16800 43.92352 2.97871 0.00000 0.79367 0.30173 0.00000
5.18270 44.06481 3.03242 0.00000 0.79388 0.30177 0.00000
5.19740 44.20612 3.08614 0.00000 0.79408 0.30181 0.00000
5.21210 44.34745 3.13985 0.00000 0.79428 0.30185 0.00000
5.22679 44.48879 3.19356 0.00000 0.79448 0.30189 0.00000
5.24148 44.63014 3.24726 0.00000 0.79468 0.30192 0.00000
5.25617 44.77150 3.30097 0.00000 0.79487 0.30196 0.00000
5.27086 44.91288 3.35467 0.00000 0.79507 0.30199 0.00000
5.28554 45.05427 3.40837 0.00000 0.79527 0.30203 0.00000
5.30022 45.19568 3.46207 0.00000 0.79547 0.30206 0.00000
5.31490 45.33710 3.51577 0.00000 0.79566 0.30209 0.00000
5.32958 45.47854 3.56947 0.00000 0.79586 0.30212 0.00000
5.34426 45.61999 3.62316 0.00000 0.79605 0.30215 0.00000
5.35893 45.76146 3.67686 0.00000 0.79624 0.30218 0.00000
5.37361 45.90295 3.73055 0.00000 0.79644 0.30221 0.00000
5.38828 46.04445 3.78424 0.00000 0.79663 0.30224 0.00000
5.40294 46.18596 3.83792 0.00000 0.79682 0.30226 0.00000
5.41761 46.32749 3.89161 0.00000 0.79701 0.30229 0.00000
5.43228 46.46904 3.94529 0.00000 0.79720 0.30231 0.00000
5.44694 46.61061 3.99897 0.00000 0.79739 0.30233 0.00000
5.46160 46.75220 4.05265 0.00000 0.79758 0.30235 0.00000
5.47626 46.89380 4.10632 0.00000 0.79777 0.30237 0.00000
5.49092 47.03542 4.16000 0.00000 0.79795 0.30239 0.00000
5.50558 47.17706 4.21367 0.00000 0.79814 0.30241 0.00000
5.52023 47.31871 4.26733 0.00000 0.79833 0.30243 0.00000
5.53489 47.46039 4.32100 0.00000 0.79851 0.30244 0.00000
5.54954 47.60208 4.37466 0.00000 0.79870 0.30246 0.00000
5.56419 47.74380 4.42832 0.00000 0.79888 0.30247 0.00000
5.57884 47.88553 4.48198 0.00000 0.79907 0.30248 0.00000
5.59349 48.02728 4.53564 0.00000 0.79925 0.30249 0.00000
5.60813 48.16906 4.58929 0.00000 0.79943 0.30250 0.00000
5.62278 48.31085 4.64294 0.00000 0.79961 0.30251 0.00000
5.63743 48.45266 4.69658 0.00000 0.79980 0.30252 0.00000
5.65207 48.59450 4.75023 0.00000 0.79998 0.30253 0.00000
5.66671 48.73635 4.80387 0.00000 0.80016 0.30253 0.00000
5.68135 48.87823 4.85750 0.00000 0.80034 0.30254 0.00000
5.69599 49.02013 4.91114 0.00000 0.80052 0.30254 0.00000
5.71063 49.16205 4.96477 0.00000 0.80070 0.30254 0.00000
5.72527 49.30400 5.01840 0.00000 0.80087 0.30254 0.00000
5.73991 49.44596 5.07202 0.00000 0.80105 0.30254 0.00000
5.75454 49.58795 5.12564 0.00000 0.80123 0.30254 0.00000
5.76918 49.72997 5.17926 0.00000 0.80141 0.30253 0.00000
5.78381 49.87200 5.23287 0.00000 0.80158 0.30253 0.00000
5.79845 50.01407 5.28648 0.00000 0.80176 0.30252 0.00000
5.81308 50.15615 5.34009 0.00000 0.80193 0.30252 0.00000
5.82772 50.29826 5.39369 0.00000 0.80211 0.30251 0.00000
5.84235 50.44040 5.44729 0.00000 0.80228 0.30250 0.00000
5.85698 50.58256 5.50088 0.00000 0.80246 0.30249 0.00000
5.87161 50.72474 5.55447 0.00000 0.80263 0.30247 0.00000
5.88624 50.86695 5.60806 0.00000 0.80280 0.30246 0.00000
5.90087 51.00919 5.66164 0.00000 0.80298 0.30245 0.00000
5.91550 51.15145 5.71521 0.00000 0.80315 0.30243 0.00000
5.93013 51.29375 5.76879 0.00000 0.80332 0.30241 0.00000
5.94476 51.43606 5.82236 0.00000 0.80349 0.30239 0.00000
5.95939 51.57841 5.87592 0.00000 0.80366 0.30237 0.00000
5.97402 51.72078 5.92948 0.00000 0.80383 0.30235 0.00000
5.98864 51.86319 5.98303 0.00000 0.80401 0.30232 0.00000
6.00327 52.00562 6.03658 0.00000 0.80418 0.30230 0.00000
6.01790 52.14808 6.09013 0.00000 0.80434 0.30227 0.00000
6.03253 52.29057 6.14367 0.00000 0.80451 0.30224 0.00000
6.04716 52.43308 6.19720 0.00000 0.80468 0.30222 0.00000
6.06178 52.57563 6.25073 0.00000 0.80485 0.30218 0.00000
6.07641 52.71821 6.30425 0.00000 0.80502 0.30215 0.00000
6.09104 52.86082 6.35777 0.00000 0.80519 0.30212 0.00000
6.10567 53.00347 6.41128 0.00000 0.80535 0.30208 0.00000
6.12030 53.14614 6.46479 0.00000 0.80552 0.30204 0.00000
6.13493 53.28884 6.51829 0.00000 0.80569 0.30201 0.00000
6.14955 53.43158 6.57179 0.00000 0.80585 0.30197 0.00000
6.16418 53.57435 6.62527 0.00000 0.80602 0.30192 0.00000
6.17881 53.71716 6.67876 0.00000 0.80619 0.30188 0.00000
6.19344 53.85999 6.73223 0.00000 0.80635 0.30183 0.00000
6.20807 54.00286 6.78570 0.00000 0.80652 0.30179 0.00000
6.22271 54.14577 6.83917 0.00000 0.80668 0.30174 0.00000
6.23734 54.28871 6.89262 0.00000 0.80685 0.30169 0.00000
6.25197 54.43169 6.94607 0.00000 0.80701 0.30164 0.00000
6.26660 54.57470 6.99952 0.00000 0.80718 0.30158 0.00000
6.28124 54.71775 7.05295 0.00000 0.80734 0.30153 0.00000
6.29587 54.86083 7.10638 0.00000 0.80750 0.30147 0.00000
6.31051 55.00395 7.15980 0.00000 0.80767 0.30141 0.00000
6.32514 55.14711 7.21322 0.00000 0.80783 0.30135 0.00000
6.33978 55.29031 7.26662 0.00000 0.80799 0.30128 0.00000
6.35442 55.43354 7.32002 0.00000 0.80816 0.30122 0.00000
6.36906 55.57682 7.37341 0.00000 0.80832 0.30115 0.00000
6.38370 55.72013 7.42679 0.00000 0.80848 0.30108 0.00000
6.39834 55.86348 7.48017 0.00000 0.80864 0.30101 0.00000
6.41298 56.00688 7.53353 0.00000 0.80880 0.30094 0.00000
6.42763 56.15031 7.58689 0.00000 0.80897 0.30086 0.00000
6.44227 56.29379 7.64024 0.00000 0.80913 0.30079 0.00000
6.45692 56.43730 7.69358 0.00000 0.80929 0.30071 0.00000
6.47157 56.58086 7.74691 0.00000 0.80945 0.30063 0.00000
6.48621 56.72446 7.80023 0.00000 0.80961 0.30054 0.00000
6.50087 56.86811 7.85354 0.00000 0.80977 0.30046 0.00000
6.51552 57.01180 7.90684 0.00000 0.80993 0.30037 0.00000
6.53017 57.15553 7.96013 0.00000 0.81009 0.30028 0.00000
6.54483 57.29931 8.01341 0.00000 0.81025 0.30019 0.00000
6.55948 57.44313 8.06668 0.00000 0.81041 0.30009 0.00000
6.57414 57.58700 8.11994 0.00000 0.81057 0.29999 0.00000
6.58880 57.73092 8.17319 0.00000 0.81073 0.29990 0.00000
6.60347 57.87488 8.22643 0.00000 0.81089 0.29979 0.00000
6.61813 58.01889 8.27966 0.00000 0.81105 0.29969 0.00000
6.63280 58.16295 8.33287 0.00000 0.81121 0.29958 0.00000
6.64747 58.30706 8.38608 0.00000 0.81137 0.29947 0.00000
6.66214 58.45121 8.43927 0.00000 0.81153 0.29936 0.00000
6.67681 58.59542 8.49245 0.00000 0.81169 0.29925 0.00000
6.69149 58.73967 8.54562 0.00000 0.81185 0.29913 0.00000
6.70617 58.88398 8.59877 0.00000 0.81201 0.29901 0.00000
6.72085 59.02834 8.65192 0.00000 0.81217 0.29889 0.00000
6.73553 59.17275 8.70504 0.00000 0.81233 0.29877 0.00000
6.75021 59.31722 8.75816 0.00000 0.81249 0.29864 0.00000
6.76490 59.46174 8.81126 0.00000 0.81265 0.29851 0.00000
6.77959 59.60631 8.86435 0.00000 0.81280 0.29838 0.00000
6.79428 59.75094 8.91743 0.00000 0.81296 0.29824 0.00000
6.80898 59.89562 8.97049 0.00000 0.81312 0.29810 0.00000
6.82368 60.04036 9.02353 0.00000 0.81328 0.29796 0.00000
6.83838 60.18515 9.07656 0.00000 0.81344 0.29781 0.00000
6.85309 60.33001 9.12958 0.00000 0.81360 0.29767 0.00000
6.86779 60.47492 9.18258 0.00000 0.81376 0.29752 0.00000
6.88250 60.61989 9.23556 0.00000 0.81392 0.29736 0.00000
6.89722 60.76492 9.28853 0.00000 0.81408 0.29720 0.00000
6.91193 60.91001 9.34148 0.00000 0.81424 0.29704 0.00000
6.92665 61.05516 9.39441 0.00000 0.81439 0.29688 0.00000
6.94138 61.20038 9.44733 0.00000 0.81455 0.29671 0.00000
6.95611 61.34565 9.50023 0.00000 0.81471 0.29654 0.00000
6.97084 61.49099 9.55311 0.00000 0.81487 0.29637 0.00000
6.98557 61.63640 9.60597 0.00000 0.81503 0.29619 0.00000
7.00031 61.78187 9.65882 0.00000 0.81519 0.29601 0.00000
7.01505 61.92740 9.71164 0.00000 0.81535 0.29583 0.00000
7.02980 62.07300 9.76445 0.00000 0.81551 0.29564 0.00000
7.04455 62.21867 9.81723 0.00000 0.81567 0.29545 0.00000
7.05930 62.36441 9.87000 0.00000 0.81583 0.29525 0.00000
7.07406 62.51021 9.92274 0.00000 0.81599 0.29505 0.00000
7.08882 62.65609 9.97546 0.00000 0.81615 0.29485 0.00000
7.10359 62.80203 10.02817 0.00000 0.81631 0.29464 0.00000
7.11836 62.94805 10.08085 0.00000 0.81647 0.29443 0.00000
7.13313 63.09414 10.13350 0.00000 0.81663 0.29421 0.00000
7.14791 63.24030 10.18614 0.00000 0.81679 0.29399 0.00000
7.16270 63.38654 10.23875 0.00000 0.81695 0.29377 0.00000
7.17748 63.53285 10.29134 0.00000 0.81711 0.29354 0.00000
7.19228 63.67924 10.34390 0.00000 0.81727 0.29331 0.00000
7.20708 63.82570 10.39644 0.00000 0.81743 0.29307 0.00000
7.22188 63.97225 10.44895 0.00000 0.81759 0.29283 0.00000
7.23669 64.11887 10.50144 0.00000 0.81775 0.29258 0.00000
7.25150 64.26557 10.55390 0.00000 0.81791 0.29233 0.00000
7.26632 64.41235 10.60633 0.00000 0.81807 0.29208 0.00000
7.28114 64.55922 10.65874 0.00000 0.81823 0.29182 0.00000
7.29597 64.70616 10.71112 0.00000 0.81840 0.29155 0.00000
7.31081 64.85319 10.76347 0.00000 0.81856 0.29128 0.00000
7.32565 65.00031 10.81579 0.00000 0.81872 0.29101 0.00000
7.34050 65.14751 10.86808 0.00000 0.81888 0.29073 0.00000
7.35535 65.29480 10.92034 0.00000 0.81904 0.29044 0.00000
7.37021 65.44217 10.97257 0.00000 0.81921 0.29015 0.00000
7.38507 65.58964 11.02477 0.00000 0.81937 0.28985 0.00000
7.39994 65.73719 11.07694 0.00000 0.81953 0.28955 0.00000
7.41482 65.88484 11.12907 0.00000 0.81969 0.28925 0.00000
7.42970 66.03258 11.18117 0.00000 0.81986 0.28893 0.00000
7.44459 66.18041 11.23323 0.00000 0.82002 0.28861 0.00000
7.45949 66.32834 11.28526 0.00000 0.82018 0.28829 0.00000
7.47439 66.47636 11.33726 0.00000 0.82035 0.28796 0.00000
7.48930 66.62448 11.38922 0.00000 0.82051 0.28762 0.00000
7.50421 66.77270 11.44114 0.00000 0.82067 0.28728 0.00000
7.51914 66.92102 11.49302 0.00000 0.82084 0.28693 0.00000
7.53407 67.06944 11.54486 0.00000 0.82100 0.28657 0.00000
7.54901 67.21796 11.59667 0.00000 0.82117 0.28621 0.00000
7.56395 67.36658 11.64843 0.00000 0.82133 0.28584 0.00000
7.57890 67.51531 11.70015 0.00000 0.82150 0.28547 0.00000
7.59386 67.66415 11.75183 0.00000 0.82166 0.28508 0.00000
7.60883 67.81309 11.80347 0.00000 0.82183 0.28470 0.00000
7.62381 67.96214 11.85506 0.00000 0.82199 0.28430 0.00000
7.63879 68.11130 11.90661 0.00000 0.82216 0.28389 0.00000
7.65379 68.26057 11.95811 0.00000 0.82232 0.28348 0.00000
7.66879 68.40996 12.00957 0.00000 0.82249 0.28307 0.00000
7.68380 68.55946 12.06097 0.00000 0.82265 0.28264 0.00000
7.69881 68.70907 12.11233 0.00000 0.82282 0.28221 0.00000
7.71384 68.85880 12.16364 0.00000 0.82299 0.28176 0.00000
7.72887 69.00865 12.21490 0.00000 0.82315 0.28131 0.00000
7.74392 69.15862 12.26611 0.00000 0.82332 0.28086 0.00000
7.75897 69.30872 12.31726 0.00000 0.82349 0.28039 0.00000
7.77404 69.45893 12.36836 0.00000 0.82365 0.27992 0.00000
7.78911 69.60927 12.41940 0.00000 0.82382 0.27943 0.00000
7.80419 69.75974 12.47039 0.00000 0.82399 0.27894 0.00000
7.81928 69.91033 12.52132 0.00000 0.82415 0.27844 0.00000
7.83438 70.06106 12.57219 0.00000 0.82432 0.27793 0.00000
7.84949 70.21191 12.62300 0.00000 0.82449 0.27741 0.00000
7.86462 70.36290 12.67375 0.00000 0.82465 0.27688 0.00000
7.87975 70.51402 12.72443 0.00000 0.82482 0.27634 0.00000
7.89489 70.66528 12.77505 0.00000 0.82499 0.27580 0.00000
7.91004 70.81668 12.82561 0.00000 0.82516 0.27524 0.00000
7.92521 70.96821 12.87610 0.00000 0.82532 0.27467 0.00000
7.94038 71.11989 12.92652 0.00000 0.82549 0.27409 0.00000
7.95557 71.27171 12.97687 0.00000 0.82566 0.27351 0.00000
7.97077 71.42368 13.02715 0.00000 0.82583 0.27291 0.00000
7.98598 71.57579 13.07736 0.00000 0.82599 0.27230 0.00000
8.00120 71.72805 13.12749 0.00000 0.82616 0.27168 0.00000
8.01643 71.88046 13.17755 0.00000 0.82633 0.27105 0.00000
8.03168 72.03303 13.22753 0.00000 0.82649 0.27040 0.00000
8.04694 72.18574 13.27743 0.00000 0.82666 0.26975 0.00000
8.06221 72.33862 13.32725 0.00000 0.82683 0.26908 0.00000
8.07749 72.49165 13.37698 0.00000 0.82699 0.26841 0.00000
8.09279 72.64485 13.42663 0.00000 0.82716 0.26772 0.00000
8.10810 72.79820 13.47620 0.00000 0.82732 0.26701 0.00000
8.12342 72.95173 13.52568 0.00000 0.82749 0.26630 0.00000
8.13876 73.10541 13.57506 0.00000 0.82766 0.26557 0.00000
8.15411 73.25927 13.62436 0.00000 0.82782 0.26483 0.00000
8.16947 73.41330 13.67356 0.00000 0.82798 0.26407 0.00000
8.18485 73.56750 13.72266 0.00000 0.82815 0.26331 0.00000
8.20024 73.72187 13.77167 0.00000 0.82831 0.26253 0.00000
8.21565 73.87643 13.82057 0.00000 0.82847 0.26173 0.00000
8.23107 74.03116 13.86937 0.00000 0.82864 0.26092 0.00000
8.24651 74.18608 13.91807 0.00000 0.82880 0.26010 0.00000
8.26196 74.34117 13.96666 0.00000 0.82896 0.25926 0.00000
8.27743 74.49646 14.01514 0.00000 0.82912 0.25840 0.00000
8.29291 74.65194 14.06351 0.00000 0.82928 0.25754 0.00000
8.30841 74.80760 14.11177 0.00000 0.82944 0.25665 0.00000
8.32393 74.96346 14.15991 0.00000 0.82960 0.25575 0.00000
8.33946 75.11952 14.20793 0.00000 0.82976 0.25484 0.00000
8.35501 75.27577 14.25582 0.00000 0.82991 0.25390 0.00000
8.37058 75.43223 14.30360 0.00000 0.83007 0.25295 0.00000
8.38617 75.58889 14.35124 0.00000 0.83022 0.25199 0.00000
8.40177 75.74575 14.39876 0.00000 0.83037 0.25101 0.00000
8.41739 75.90282 14.44614 0.00000 0.83053 0.25001 0.00000
8.43303 76.06011 14.49338 0.00000 0.83068 0.24899 0.00000
8.44868 76.21761 14.54049 0.00000 0.83083 0.24795 0.00000
8.46436 76.37532 14.58745 0.00000 0.83097 0.24690 0.00000
8.48005 76.53326 14.63427 0.00000 0.83112 0.24582 0.00000
8.49577 76.69142 14.68094 0.00000 0.83127 0.24473 0.00000
8.51150 76.84980 14.72746 0.00000 0.83141 0.24362 0.00000
8.52725 77.00841 14.77383 0.00000 0.83155 0.24249 0.00000
8.54302 77.16724 14.82003 0.00000 0.83169 0.24134 0.00000
8.55882 77.32632 14.86608 0.00000 0.83183 0.24017 0.00000
8.57463 77.48562 14.91196 0.00000 0.83196 0.23898 0.00000
8.59047 77.64517 14.95767 0.00000 0.83210 0.23777 0.00000
8.60633 77.80496 15.00320 0.00000 0.83223 0.23653 0.00000
8.62220 77.96499 15.04856 0.00000 0.83236 0.23528 0.00000
8.63811 78.12527 15.09374 0.00000 0.83248 0.23400 0.00000
8.65403 78.28580 15.13874 0.00000 0.83261 0.23270 0.00000
8.66998 78.44658 15.18354 0.00000 0.83273 0.23138 0.00000
8.68594 78.60762 15.22815 0.00000 0.83285 0.23003 0.00000
8.70194 78.76892 15.27257 0.00000 0.83296 0.22866 0.00000
8.71795 78.93048 15.31678 0.00000 0.83308 0.22727 0.00000
8.73399 79.09231 15.36079 0.00000 0.83318 0.22586 0.00000
8.75006 79.25441 15.40459 0.00000 0.83329 0.22442 0.00000
8.76615 79.41677 15.44817 0.00000 0.83339 0.22295 0.00000
8.78227 79.57941 15.49153 0.00000 0.83349 0.22146 0.00000
8.79841 79.74233 15.53467 0.00000 0.83359 0.21994 0.00000
8.81457 79.90554 15.57758 0.00000 0.83368 0.21840 0.00000
8.83077 80.06902 15.62025 0.00000 0.83376 0.21683 0.00000
8.84699 80.23279 15.66269 0.00000 0.83385 0.21523 0.00000
8.86324 80.39686 15.70487 0.00000 0.83393 0.21361 0.00000
8.87951 80.56122 15.74681 0.00000 0.83400 0.21196 0.00000
8.89582 80.72587 15.78849 0.00000 0.83407 0.21028 0.00000
8.91215 80.89083 15.82991 0.00000 0.83413 0.20857 0.00000
8.92851 81.05609 15.87106 0.00000 0.83419 0.20684 0.00000
8.94490 81.22166 15.91193 0.00000 0.83424 0.20507 0.00000
8.96132 81.38753 15.95253 0.00000 0.83429 0.20328 0.00000
8.97777 81.55373 15.99284 0.00000 0.83433 0.20145 0.00000
8.99425 81.72023 16.03286 0.00000 0.83437 0.19960 0.00000
9.01076 81.88706 16.07258 0.00000 0.83440 0.19771 0.00000
9.02731 82.05422 16.11199 0.00000 0.83442 0.19579 0.00000
9.04388 82.22170 16.15110 0.00000 0.83443 0.19384 0.00000
9.06049 82.38951 16.18988 0.00000 0.83444 0.19186 0.00000
9.07713 82.55765 16.22834 0.00000 0.83444 0.18984 0.00000
9.09380 82.72613 16.26646 0.00000 0.83444 0.18779 0.00000
9.11051 82.89496 16.30425 0.00000 0.83442 0.18571 0.00000
9.12725 83.06412 16.34168 0.00000 0.83440 0.18359 0.00000
9.14403 83.23363 16.37876 0.00000 0.83437 0.18144 0.00000
9.16084 83.40350 16.41548 0.00000 0.83433 0.17926 0.00000
9.17769 83.57372 16.45183 0.00000 0.83428 0.17704 0.00000
9.19458 83.74429 16.48779 0.00000 0.83422 0.17478 0.00000
9.21150 83.91522 16.52337 0.00000 0.83416 0.17249 0.00000
9.22846 84.08652 16.55856 0.00000 0.83408 0.17016 0.00000
9.24546 84.25819 16.59334 0.00000 0.83399 0.16779 0.00000
9.26249 84.43022 16.62770 0.00000 0.83389 0.16539 0.00000
9.27957 84.60263 16.66165 0.00000 0.83378 0.16294 0.00000
9.29668 84.77541 16.69516 0.00000 0.83366 0.16046 0.00000
9.31384 84.94858 16.72823 0.00000 0.83353 0.15794 0.00000
9.33103 85.12212 16.76085 0.00000 0.83338 0.15538 0.00000
9.34827 85.29605 16.79301 0.00000 0.83323 0.15279 0.00000
9.36555 85.47037 16.82470 0.00000 0.83306 0.15015 0.00000
9.38287 85.64508 16.85592 0.00000 0.83287 0.14747 0.00000
9.40024 85.82018 16.88664 0.00000 0.83268 0.14475 0.00000
9.41764 85.99569 16.91686 0.00000 0.83246 0.14199 0.00000
9.43510 86.17159 16.94657 0.00000 0.83224 0.13918 0.00000
9.45259 86.34789 16.97576 0.00000 0.83200 0.13634 0.00000
9.47013 86.52460 17.00442 0.00000 0.83174 0.13345 0.00000
9.48772 86.70171 17.03253 0.00000 0.83147 0.13052 0.00000
9.50536 86.87924 17.06008 0.00000 0.83118 0.12755 0.00000
9.52304 87.05717 17.08707 0.00000 0.83087 0.12453 0.00000
9.54077 87.23553 17.11348 0.00000 0.83055 0.12147 0.00000
9.55855 87.41430 17.13930 0.00000 0.83020 0.11836 0.00000
9.57638 87.59348 17.16451 0.00000 0.82984 0.11521 0.00000
9.59426 87.77309 17.18911 0.00000 0.82946 0.11202 0.00000
9.61218 87.95312 17.21308 0.00000 0.82906 0.10878 0.00000
9.63016 88.13358 17.23640 0.00000 0.82864 0.10549 0.00000
9.64820 88.31446 17.25907 0.00000 0.82820 0.10216 0.00000
9.66628 88.49577 17.28107 0.00000 0.82774 0.09878 0.00000
9.68442 88.67751 17.30239 0.00000 0.82726 0.09536 0.00000
9.70261 88.85968 17.32302 0.00000 0.82675 0.09189 0.00000
9.72085 89.04228 17.34293 0.00000 0.82622 0.08837 0.00000
9.73915 89.22531 17.36212 0.00000 0.82567 0.08480 0.00000
9.75751 89.40878 17.38057 0.00000 0.82509 0.08119 0.00000
9.77592 89.59268 17.39826 0.00000 0.82449 0.07753 0.00000
9.79439 89.77702 17.41519 0.00000 0.82386 0.07382 0.00000
9.81292 89.96179 17.43133 0.00000 0.82321 0.07007 0.00000
9.83151 90.14699 17.44668 0.00000 0.82253 0.06626 0.00000
9.85016 90.33263 17.46120 0.00000 0.82182 0.06241 0.00000
9.86886 90.51871 17.47490 0.00000 0.82108 0.05851 0.00000
9.88763 90.70521 17.48774 0.00000 0.82031 0.05456 0.00000
9.90646 90.89216 17.49973 0.00000 0.81952 0.05056 0.00000
9.92535 91.07953 17.51083 0.00000 0.81869 0.04651 0.00000
9.94430 91.26734 17.52104 0.00000 0.81783 0.04241 0.00000
9.96332 91.45557 17.53033 0.00000 0.81694 0.03827 0.00000
9.98240 91.64423 17.53868 0.00000 0.81602 0.03407 0.00000
10.00155 91.83332 17.54609 0.00000 0.81507 0.02983 0.00000
10.02076 92.02284 17.55253 0.00000 0.81408 0.02554 0.00000
10.04004 92.21277 17.55799 0.00000 0.81305 0.02119 0.00000
10.05939 92.40313 17.56244 0.00000 0.81199 0.01680 0.00000
10.07881 92.59390 17.56587 0.00000 0.81089 0.01237 0.00000
10.09829 92.78508 17.56826 0.00000 0.80976 0.00788 0.00000
10.11784 92.97667 17.56959 0.00000 0.80859 0.00334 0.00000
10.13747 93.16867 17.56984 0.00000 0.80738 -0.00124 0.00000
10.15716 93.36107 17.56899 0.00000 0.80612 -0.00587 0.00000
10.17693 93.55386 17.56703 0.00000 0.80483 -0.01055 0.00000
10.19677 93.74705 17.56392 0.00000 0.80350 -0.01528 0.00000
10.21668 93.94062 17.55966 0.00000 0.80212 -0.02006 0.00000
10.23667 94.13457 17.55423 0.00000 0.80070 -0.02488 0.00000
10.25673 94.32889 17.54759 0.00000 0.79924 -0.02975 0.00000
10.27686 94.52358 17.53974 0.00000 0.79773 -0.03466 0.00000
10.29707 94.71864 17.53065 0.00000 0.79618 -0.03962 0.00000
10.31736 94.91405 17.52030 0.00000 0.79458 -0.04463 0.00000
10.33773 95.10980 17.50867 0.00000 0.79293 -0.04968 0.00000
10.35817 95.30589 17.49574 0.00000 0.79124 -0.05478 0.00000
10.37870 95.50231 17.48149 0.00000 0.78949 -0.05992 0.00000
10.39930 95.69905 17.46590 0.00000 0.78770 -0.06510 0.00000
10.41998 95.89610 17.44894 0.00000 0.78585 -0.07033 0.00000
10.44075 96.09345 17.43059 0.00000 0.78395 -0.07560 0.00000
10.46159 96.29109 17.41084 0.00000 0.78200 -0.08091 0.00000
10.48252 96.48902 17.38966 0.00000 0.78000 -0.08627 0.00000
10.50353 96.68721 17.36702 0.00000 0.77794 -0.09166 0.00000
10.52463 96.88565 17.34291 0.00000 0.77583 -0.09710 0.00000
10.54580 97.08434 17.31731 0.00000 0.77366 -0.10257 0.00000
10.56707 97.28326 17.29019 0.00000 0.77143 -0.10808 0.00000
10.58842 97.48240 17.26153 0.00000 0.76914 -0.11363 0.00000
10.60985 97.68175 17.23131 0.00000 0.76680 -0.11922 0.00000
10.63138 97.88128 17.19951 0.00000 0.76440 -0.12484 0.00000
10.65299 98.08099 17.16610 0.00000 0.76193 -0.13050 0.00000
10.67469 98.28085 17.13106 0.00000 0.75941 -0.13619 0.00000
10.69647 98.48086 17.09438 0.00000 0.75682 -0.14191 0.00000
10.71835 98.68099 17.05602 0.00000 0.75417 -0.14767 0.00000
10.74032 98.88124 17.01597 0.00000 0.75145 -0.15346 0.00000
10.76237 99.08157 16.97421 0.00000 0.74867 -0.15928 0.00000
10.78452 99.28197 16.93071 0.00000 0.74583 -0.16513 0.00000
10.80676 99.48243 16.88545 0.00000 0.74292 -0.17100 0.00000
10.82909 99.68292 16.83841 0.00000 0.73994 -0.17690 0.00000
10.85151 99.88342 16.78957 0.00000 0.73689 -0.18283 0.00000
10.87403 100.08392 16.73891 0.00000 0.73378 -0.18878 0.00000
10.89664 100.28438 16.68641 0.00000 0.73059 -0.19476 0.00000
10.91935 100.48479 16.63204 0.00000 0.72734 -0.20076 0.00000
10.94214 100.68513 16.57578 0.00000 0.72401 -0.20677 0.00000
10.96504 100.88537 16.51763 0.00000 0.72061 -0.21281 0.00000
10.98803 101.08549 16.45754 0.00000 0.71714 -0.21887 0.00000
11.01111 101.28546 16.39551 0.00000 0.71360 -0.22494 0.00000
11.03429 101.48525 16.33152 0.00000 0.70998 -0.23102 0.00000
11.05757 101.68485 16.26554 0.00000 0.70629 -0.23712 0.00000
11.08094 101.88422 16.19756 0.00000 0.70252 -0.24324 0.00000
11.10441 102.08335 16.12756 0.00000 0.69868 -0.24936 0.00000
11.12798 102.28218 16.05552 0.00000 0.69476 -0.25549 0.00000
11.15165 102.48072 15.98142 0.00000 0.69077 -0.26163 0.00000
11.17541 102.67891 15.90525 0.00000 0.68669 -0.26778 0.00000
11.19927 102.87673 15.82699 0.00000 0.68254 -0.27393 0.00000
11.22324 103.07416 15.74662 0.00000 0.67831 -0.28008 0.00000
11.24729 103.27115 15.66412 0.00000 0.67401 -0.28623 0.00000
11.27145 103.46769 15.57949 0.00000 0.66962 -0.29238 0.00000
11.29571 103.66373 15.49270 0.00000 0.66515 -0.29853 0.00000
11.32007 103.85924 15.40374 0.00000 0.66061 -0.30468 0.00000
11.34453 104.05420 15.31260 0.00000 0.65598 -0.31082 0.00000
11.36908 104.24856 15.21926 0.00000 0.65127 -0.31695 0.00000
11.39374 104.44229 15.12372 0.00000 0.64648 -0.32307 0.00000
11.41849 104.63536 15.02595 0.00000 0.64161 -0.32919 0.00000
11.44335 104.82772 14.92596 0.00000 0.63666 -0.33528 0.00000
11.46831 105.01936 14.82372 0.00000 0.63162 -0.34137 0.00000
11.49336 105.21021 14.71923 0.00000 0.62651 -0.34743 0.00000
11.51852 105.40026 14.61247 0.00000 0.62131 -0.35348 0.00000
11.54377 105.58946 14.50345 0.00000 0.61603 -0.35951 0.00000
11.56913 105.77778 14.39215 0.00000 0.61066 -0.36551 0.00000
11.59458 105.96516 14.27856 0.00000 0.60522 -0.37149 0.00000
11.62014 106.15159 14.16269 0.00000 0.59969 -0.37744 0.00000
11.64579 106.33701 14.04452 0.00000 0.59408 -0.38337 0.00000
11.67154 106.52138 13.92404 0.00000 0.58839 -0.38926 0.00000
11.69739 106.70467 13.80127 0.00000 0.58261 -0.39512 0.00000
11.72335 106.88684 13.67618 0.00000 0.57676 -0.40095 0.00000
11.74940 107.06783 13.54879 0.00000 0.57082 -0.40674 0.00000
11.77554 107.24762 13.41909 0.00000 0.56480 -0.41249 0.00000
11.80179 107.42616 13.28709 0.00000 0.55870 -0.41821 0.00000
11.82813 107.60340 13.15277 0.00000 0.55252 -0.42387 0.00000
11.85458 107.77931 13.01615 0.00000 0.54625 -0.42950 0.00000
11.88112 107.95384 12.87722 0.00000 0.53991 -0.43508 0.00000
11.90775 108.12695 12.73600 0.00000 0.53349 -0.44061 0.00000
11.93448 108.29859 12.59249 0.00000 0.52699 -0.44608 0.00000
11.96131 108.46873 12.44668 0.00000 0.52041 -0.45151 0.00000
11.98824 108.63732 12.29860 0.00000 0.51376 -0.45688 0.00000
12.01526 108.80431 12.14824 0.00000 0.50702 -0.46220 0.00000
12.04237 108.96966 11.99563 0.00000 0.50021 -0.46745 0.00000
12.06958 109.13333 11.84076 0.00000 0.49333 -0.47265 0.00000
12.09688 109.29528 11.68365 0.00000 0.48637 -0.47778 0.00000
12.12428 109.45545 11.52431 0.00000 0.47933 -0.48285 0.00000
12.15176 109.61381 11.36276 0.00000 0.47222 -0.48785 0.00000
12.17934 109.77032 11.19901 0.00000 0.46504 -0.49278 0.00000
12.20701 109.92493 11.03308 0.00000 0.45779 -0.49765 0.00000
12.23478 110.07759 10.86498 0.00000 0.45047 -0.50244 0.00000
12.26263 110.22827 10.69474 0.00000 0.44308 -0.50716 0.00000
12.29057 110.37692 10.52236 0.00000 0.43562 -0.51180 0.00000
12.31860 110.52349 10.34788 0.00000 0.42810 -0.51636 0.00000
12.34671 110.66796 10.17131 0.00000 0.42051 -0.52084 0.00000
12.37492 110.81026 9.99268 0.00000 0.41285 -0.52524 0.00000
12.40321 110.95037 9.81200 0.00000 0.40514 -0.52956 0.00000
12.43158 111.08824 9.62932 0.00000 0.39736 -0.53380 0.00000
12.46004 111.22383 9.44464 0.00000 0.38952 -0.53794 0.00000
12.48859 111.35710 9.25800 0.00000 0.38162 -0.54200 0.00000
12.51721 111.48800 9.06943 0.00000 0.37367 -0.54597 0.00000
12.54592 111.61651 8.87896 0.00000 0.36566 -0.54985 0.00000
12.57471 111.74258 8.68661 0.00000 0.35760 -0.55363 0.00000
12.60358 111.86617 8.49242 0.00000 0.34948 -0.55732 0.00000
12.63253 111.98725 8.29642 0.00000 0.34132 -0.56092 0.00000
12.66155 112.10578 8.09865 0.00000 0.33310 -0.56441 0.00000
12.69066 112.22171 7.89914 0.00000 0.32484 -0.56781 0.00000
12.71984 112.33503 7.69792 0.00000 0.31654 -0.57111 0.00000
12.74909 112.44568 7.49503 0.00000 0.30819 -0.57431 0.00000
12.77842 112.55365 7.29051 0.00000 0.29980 -0.57740 0.00000
12.80783 112.65889 7.08440 0.00000 0.29137 -0.58039 0.00000
12.83730 112.76137 6.87674 0.00000 0.28290 -0.58328 0.00000
12.86684 112.86106 6.66757 0.00000 0.27440 -0.58605 0.00000
12.89646 112.95793 6.45692 0.00000 0.26587 -0.58873 0.00000
12.92614 113.05196 6.24485 0.00000 0.25730 -0.59129 0.00000
12.95589 113.14310 6.03139 0.00000 0.24871 -0.59375 0.00000
12.98571 113.23134 5.81659 0.00000 0.24009 -0.59609 0.00000
13.01559 113.31665 5.60049 0.00000 0.23144 -0.59833 0.00000
13.04554 113.39900 5.38314 0.00000 0.22277 -0.60045 0.00000
13.07555 113.47837 5.16459 0.00000 0.21408 -0.60246 0.00000
13.10561 113.55474 4.94487 0.00000 0.20538 -0.60436 0.00000
13.13574 113.62808 4.72404 0.00000 0.19665 -0.60614 0.00000
13.16593 113.69837 4.50215 0.00000 0.18792 -0.60782 0.00000
13.19618 113.76559 4.27925 0.00000 0.17917 -0.60937 0.00000
13.22648 113.82973 4.05538 0.00000 0.17042 -0.61082 0.00000
13.25684 113.89077 3.83059 0.00000 0.16165 -0.61215 0.00000
13.28725 113.94868 3.60494 0.00000 0.15289 -0.61336 0.00000
13.31772 114.00346 3.37846 0.00000 0.14412 -0.61446 0.00000
13.34823 114.05510 3.15123 0.00000 0.13535 -0.61544 0.00000
13.37880 114.10357 2.92328 0.00000 0.12659 -0.61631 0.00000
13.40941 114.14887 2.69467 0.00000 0.11783 -0.61707 0.00000
13.44007 114.19099 2.46545 0.00000 0.10908 -0.61771 0.00000
13.47078 114.22992 2.23567 0.00000 0.10033 -0.61823 0.00000
13.50153 114.26566 2.00538 0.00000 0.09160 -0.61864 0.00000
13.53232 114.29819 1.77464 0.00000 0.08289 -0.61894 0.00000
13.56316 114.32751 1.54350 0.00000 0.07419 -0.61912 0.00000
13.59403 114.35363 1.31201 0.00000 0.06551 -0.61919 0.00000
13.62495 114.37653 1.08023 0.00000 0.05686 -0.61914 0.00000
13.65590 114.39622 0.84820 0.00000 0.04822 -0.61899 0.00000
13.68689 114.41270 0.61598 0.00000 0.03962 -0.61872 0.00000
13.71791 114.42597 0.38362 0.00000 0.03104 -0.61834 0.00000
13.74897 114.43604 0.15118 0.00000 0.02249 -0.61785 0.00000
13.78005 114.44290 -0.08130 0.00000 0.01398 -0.61725 0.00000
13.81117 114.44657 -0.31376 0.00000 0.00550 -0.61655 0.00000
13.84232 114.44705 -0.54615 0.00000 -0.00294 -0.61574 0.00000
13.87349 114.44435 -0.77842 0.00000 -0.01134 -0.61482 0.00000
13.90469 114.43849 -1.01052 0.00000 -0.01970 -0.61379 0.00000
13.93592 114.42946 -1.24239 0.00000 -0.02802 -0.61267 0.00000
13.96717 114.41729 -1.47399 0.00000 -0.03629 -0.61144 0.00000
13.99844 114.40199 -1.70527 0.00000 -0.04452 -0.61011 0.00000
14.02973 114.38357 -1.93617 0.00000 -0.05269 -0.60867 0.00000
14.06104 114.36205 -2.16666 0.00000 -0.06081 -0.60715 0.00000
14.09237 114.33745 -2.39667 0.00000 -0.06888 -0.60552 0.00000
14.12371 114.30979 -2.62617 0.00000 -0.07689 -0.60380 0.00000
14.15507 114.27908 -2.85510 0.00000 -0.08485 -0.60198 0.00000
14.18644 114.24534 -3.08343 0.00000 -0.09275 -0.60007 0.00000
14.21783 114.20860 -3.31110 0.00000 -0.10058 -0.59807 0.00000
14.24922 114.16888 -3.53806 0.00000 -0.10836 -0.59599 0.00000
14.28062 114.12621 -3.76429 0.00000 -0.11607 -0.59381 0.00000
14.31204 114.08061 -3.98972 0.00000 -0.12372 -0.59155 0.00000
14.34345 114.03210 -4.21433 0.00000 -0.13130 -0.58920 0.00000
14.37488 113.98071 -4.43806 0.00000 -0.13881 -0.58678 0.00000
14.40630 113.92647 -4.66087 0.00000 -0.14625 -0.58427 0.00000
14.43773 113.86941 -4.88274 0.00000 -0.15362 -0.58169 0.00000
14.46916 113.80955 -5.10361 0.00000 -0.16091 -0.57903 0.00000
14.50059 113.74694 -5.32345 0.00000 -0.16814 -0.57629 0.00000
14.53201 113.68159 -5.54222 0.00000 -0.17529 -0.57348 0.00000
14.56344 113.61354 -5.75989 0.00000 -0.18236 -0.57061 0.00000
14.59485 113.54283 -5.97642 0.00000 -0.18936 -0.56766 0.00000
14.62627 113.46948 -6.19177 0.00000 -0.19628 -0.56465 0.00000
14.65767 113.39354 -6.40592 0.00000 -0.20312 -0.56158 0.00000
14.68907 113.31503 -6.61883 0.00000 -0.20988 -0.55844 0.00000
14.72046 113.23398 -6.83047 0.00000 -0.21656 -0.55524 0.00000
14.75183 113.15045 -7.04081 0.00000 -0.22317 -0.55199 0.00000
14.78319 113.06445 -7.24981 0.00000 -0.22968 -0.54868 0.00000
14.81454 112.97604 -7.45746 0.00000 -0.23612 -0.54532 0.00000
14.84588 112.88524 -7.66373 0.00000 -0.24247 -0.54190 0.00000
14.87720 112.79209 -7.86858 0.00000 -0.24874 -0.53844 0.00000
14.90850 112.69664 -8.07200 0.00000 -0.25493 -0.53493 0.00000
14.93978 112.59891 -8.27395 0.00000 -0.26103 -0.53137 0.00000
14.97104 112.49896 -8.47443 0.00000 -0.26705 -0.52778 0.00000
15.00228 112.39680 -8.67340 0.00000 -0.27298 -0.52414 0.00000
15.03350 112.29250 -8.87085 0.00000 -0.27883 -0.52046 0.00000
15.06470 112.18608 -9.06676 0.00000 -0.28459 -0.51675 0.00000
15.09587 112.07758 -9.26110 0.00000 -0.29027 -0.51300 0.00000
15.12701 111.96705 -9.45386 0.00000 -0.29586 -0.50922 0.00000
15.15813 111.85453 -9.64503 0.00000 -0.30137 -0.50542 0.00000
15.18922 111.74004 -9.83459 0.00000 -0.30679 -0.50158 0.00000
15.22029 111.62364 -10.02252 0.00000 -0.31213 -0.49772 0.00000
15.25132 111.50537 -10.20881 0.00000 -0.31738 -0.49383 0.00000
15.28232 111.38525 -10.39346 0.00000 -0.32255 -0.48992 0.00000
15.31329 111.26334 -10.57644 0.00000 -0.32763 -0.48599 0.00000
15.34422 111.13967 -10.75775 0.00000 -0.33263 -0.48205 0.00000
15.37512 111.01429 -10.93738 0.00000 -0.33754 -0.47809 0.00000
15.40599 110.88723 -11.11533 0.00000 -0.34238 -0.47411 0.00000
15.43682 110.75852 -11.29158 0.00000 -0.34712 -0.47012 0.00000
15.46761 110.62822 -11.46612 0.00000 -0.35179 -0.46612 0.00000
15.49836 110.49636 -11.63896 0.00000 -0.35637 -0.46211 0.00000
15.52908 110.36297 -11.81009 0.00000 -0.36088 -0.45810 0.00000
15.55975 110.22810 -11.97951 0.00000 -0.36530 -0.45408 0.00000
15.59039 110.09178 -12.14720 0.00000 -0.36964 -0.45006 0.00000
15.62098 109.95406 -12.31318 0.00000 -0.37390 -0.44604 0.00000
15.65153 109.81497 -12.47744 0.00000 -0.37808 -0.44201 0.00000
15.68204 109.67454 -12.63998 0.00000 -0.38219 -0.43799 0.00000
15.71250 109.53282 -12.80080 0.00000 -0.38621 -0.43397 0.00000
15.74292 109.38984 -12.95990 0.00000 -0.39017 -0.42996 0.00000
15.77329 109.24563 -13.11729 0.00000 -0.39404 -0.42595 0.00000
15.80361 109.10024 -13.27297 0.00000 -0.39784 -0.42195 0.00000
15.83389 108.95369 -13.42694 0.00000 -0.40157 -0.41796 0.00000
15.86412 108.80602 -13.57920 0.00000 -0.40522 -0.41398 0.00000
15.89430 108.65728 -13.72977 0.00000 -0.40880 -0.41001 0.00000
15.92443 108.50748 -13.87864 0.00000 -0.41231 -0.40605 0.00000
15.95451 108.35666 -14.02583 0.00000 -0.41575 -0.40211 0.00000
15.98454 108.20487 -14.17133 0.00000 -0.41912 -0.39819 0.00000
16.01452 108.05212 -14.31517 0.00000 -0.42243 -0.39428 0.00000
16.04445 107.89845 -14.45734 0.00000 -0.42566 -0.39039 0.00000
16.07432 107.74390 -14.59786 0.00000 -0.42883 -0.38652 0.00000
16.10414 107.58849 -14.73674 0.00000 -0.43193 -0.38267 0.00000
16.13391 107.43225 -14.87398 0.00000 -0.43497 -0.37884 0.00000
16.16362 107.27522 -15.00959 0.00000 -0.43795 -0.37503 0.00000
16.19328 107.11742 -15.14359 0.00000 -0.44086 -0.37124 0.00000
16.22288 106.95888 -15.27598 0.00000 -0.44372 -0.36748 0.00000
16.25242 106.79963 -15.40679 0.00000 -0.44651 -0.36375 0.00000
16.28191 106.63970 -15.53601 0.00000 -0.44924 -0.36004 0.00000
16.31134 106.47912 -15.66367 0.00000 -0.45192 -0.35636 0.00000
16.34072 106.31791 -15.78978 0.00000 -0.45454 -0.35270 0.00000
16.37003 106.15609 -15.91434 0.00000 -0.45710 -0.34907 0.00000
16.39929 105.99370 -16.03737 0.00000 -0.45961 -0.34548 0.00000
16.42849 105.83075 -16.15890 0.00000 -0.46207 -0.34191 0.00000
16.45763 105.66728 -16.27892 0.00000 -0.46447 -0.33837 0.00000
16.48671 105.50330 -16.39745 0.00000 -0.46683 -0.33486 0.00000
16.51573 105.33885 -16.51452 0.00000 -0.46913 -0.33138 0.00000
16.54469 105.17393 -16.63012 0.00000 -0.47138 -0.32794 0.00000
16.57359 105.00858 -16.74429 0.00000 -0.47359 -0.32452 0.00000
16.60243 104.84282 -16.85703 0.00000 -0.47575 -0.32114 0.00000
16.63121 104.67666 -16.96836 0.00000 -0.47786 -0.31780 0.00000
16.65993 104.51013 -17.07829 0.00000 -0.47993 -0.31448 0.00000
16.68858 104.34325 -17.18684 0.00000 -0.48195 -0.31120 0.00000
16.71718 104.17603 -17.29403 0.00000 -0.48393 -0.30796 0.00000
16.74571 104.00850 -17.39987 0.00000 -0.48587 -0.30474 0.00000
16.77418 103.84068 -17.50438 0.00000 -0.48777 -0.30157 0.00000
16.80258 103.67258 -17.60757 0.00000 -0.48963 -0.29843 0.00000
16.83093 103.50421 -17.70946 0.00000 -0.49145 -0.29532 0.00000
16.85921 103.33561 -17.81007 0.00000 -0.49323 -0.29225 0.00000
16.88743 103.16678 -17.90940 0.00000 -0.49498 -0.28921 0.00000
16.91558 102.99773 -18.00749 0.00000 -0.49668 -0.28621 0.00000
16.94367 102.82850 -18.10434 0.00000 -0.49836 -0.28324 0.00000
16.97170 102.65908 -18.19998 0.00000 -0.50000 -0.28031 0.00000
16.99967 102.48950 -18.29441 0.00000 -0.50161 -0.27742 0.00000
17.02757 102.31976 -18.38765 0.00000 -0.50318 -0.27456 0.00000
17.05540 102.14989 -18.47972 0.00000 -0.50473 -0.27174 0.00000
17.08318 101.97989 -18.57064 0.00000 -0.50624 -0.26896 0.00000
17.11089 101.80978 -18.66042 0.00000 -0.50772 -0.26621 0.00000
17.13853 101.63957 -18.74908 0.00000 -0.50918 -0.26349 0.00000
17.16611 101.46928 -18.83664 0.00000 -0.51060 -0.26081 0.00000
17.19363 101.29891 -18.92310 0.00000 -0.51200 -0.25817 0.00000
17.22108 101.12847 -19.00849 0.00000 -0.51338 -0.25556 0.00000
17.24847 100.95798 -19.09282 0.00000 -0.51473 -0.25299 0.00000
17.27580 100.78745 -19.17611 0.00000 -0.51605 -0.25046 0.00000
17.30306 100.61688 -19.25838 0.00000 -0.51735 -0.24795 0.00000
17.33026 100.44629 -19.33963 0.00000 -0.51862 -0.24549 0.00000
17.35739 100.27568 -19.41989 0.00000 -0.51988 -0.24306 0.00000
17.38446 100.10507 -19.49916 0.00000 -0.52111 -0.24066 0.00000
17.41146 99.93446 -19.57748 0.00000 -0.52232 -0.23830 0.00000
17.43841 99.76386 -19.65484 0.00000 -0.52351 -0.23597 0.00000
17.46528 99.59328 -19.73127 0.00000 -0.52468 -0.23368 0.00000
17.49210 99.42273 -19.80677 0.00000 -0.52583 -0.23142 0.00000
17.51885 99.25222 -19.88138 0.00000 -0.52696 -0.22919 0.00000
17.54554 99.08174 -19.95509 0.00000 -0.52808 -0.22700 0.00000
17.57216 98.91131 -20.02792 0.00000 -0.52917 -0.22484 0.00000
17.59872 98.74094 -20.09990 0.00000 -0.53025 -0.22271 0.00000
17.62522 98.57062 -20.17102 0.00000 -0.53132 -0.22062 0.00000
17.65166 98.40037 -20.24131 0.00000 -0.53236 -0.21856 0.00000
17.67803 98.23020 -20.31079 0.00000 -0.53340 -0.21653 0.00000
17.70434 98.06010 -20.37945 0.00000 -0.53442 -0.21453 0.00000
17.73059 97.89008 -20.44732 0.00000 -0.53542 -0.21256 0.00000
17.75677 97.72015 -20.51441 0.00000 -0.53641 -0.21063 0.00000
17.78290 97.55032 -20.58074 0.00000 -0.53739 -0.20872 0.00000
17.80896 97.38058 -20.64631 0.00000 -0.53835 -0.20685 0.00000
17.83496 97.21094 -20.71114 0.00000 -0.53931 -0.20500 0.00000
17.86090 97.04140 -20.77525 0.00000 -0.54025 -0.20319 0.00000
17.88677 96.87197 -20.83863 0.00000 -0.54118 -0.20141 0.00000
17.91259 96.70266 -20.90132 0.00000 -0.54210 -0.19965 0.00000
17.93834 96.53345 -20.96331 0.00000 -0.54300 -0.19792 0.00000
17.96404 96.36437 -21.02463 0.00000 -0.54390 -0.19623 0.00000
17.98967 96.19541 -21.08527 0.00000 -0.54479 -0.19456 0.00000
18.01524 96.02657 -21.14527 0.00000 -0.54567 -0.19291 0.00000
18.04076 95.85786 -21.20461 0.00000 -0.54654 -0.19130 0.00000
18.06621 95.68928 -21.26333 0.00000 -0.54740 -0.18971 0.00000
18.09160 95.52083 -21.32142 0.00000 -0.54825 -0.18815 0.00000
18.11693 95.35252 -21.37890 0.00000 -0.54910 -0.18662 0.00000
18.14221 95.18434 -21.43579 0.00000 -0.54994 -0.18511 0.00000
18.16742 95.01630 -21.49208 0.00000 -0.55077 -0.18363 0.00000
18.19258 94.84840 -21.54780 0.00000 -0.55159 -0.18217 0.00000
18.21768 94.68063 -21.60294 0.00000 -0.55240 -0.18074 0.00000
18.24272 94.51302 -21.65753 0.00000 -0.55321 -0.17934 0.00000
18.26770 94.34554 -21.71158 0.00000 -0.55402 -0.17795 0.00000
18.29263 94.17821 -21.76508 0.00000 -0.55481 -0.17660 0.00000
18.31749 94.01103 -21.81805 0.00000 -0.55561 -0.17526 0.00000
18.34230 93.84400 -21.87051 0.00000 -0.55639 -0.17395 0.00000
18.36706 93.67711 -21.92245 0.00000 -0.55717 -0.17266 0.00000
18.39175 93.51037 -21.97390 0.00000 -0.55795 -0.17140 0.00000
18.41639 93.34378 -22.02485 0.00000 -0.55872 -0.17016 0.00000
18.44098 93.17735 -22.07533 0.00000 -0.55948 -0.16894 0.00000
18.46550 93.01106 -22.12532 0.00000 -0.56025 -0.16774 0.00000
18.48998 92.84493 -22.17486 0.00000 -0.56100 -0.16656 0.00000
18.51439 92.67894 -22.22393 0.00000 -0.56176 -0.16541 0.00000
18.53876 92.51311 -22.27256 0.00000 -0.56250 -0.16427 0.00000
18.56306 92.34744 -22.32075 0.00000 -0.56325 -0.16316 0.00000
18.58732 92.18191 -22.36851 0.00000 -0.56399 -0.16206 0.00000
18.61151 92.01654 -22.41584 0.00000 -0.56473 -0.16099 0.00000
18.63566 91.85132 -22.46275 0.00000 -0.56546 -0.15994 0.00000
18.65975 91.68625 -22.50926 0.00000 -0.56620 -0.15890 0.00000
18.68379 91.52133 -22.55536 0.00000 -0.56692 -0.15788 0.00000
18.70778 91.35657 -22.60107 0.00000 -0.56765 -0.15689 0.00000
18.73171 91.19196 -22.64640 0.00000 -0.56837 -0.15591 0.00000
18.75559 91.02750 -22.69134 0.00000 -0.56909 -0.15495 0.00000
18.77942 90.86319 -22.73591 0.00000 -0.56981 -0.15400 0.00000
18.80319 90.69904 -22.78012 0.00000 -0.57052 -0.15308 0.00000
18.82692 90.53503 -22.82397 0.00000 -0.57124 -0.15217 0.00000
18.85059 90.37117 -22.86746 0.00000 -0.57195 -0.15128 0.00000
18.87421 90.20747 -22.91061 0.00000 -0.57265 -0.15040 0.00000
18.89779 90.04391 -22.95341 0.00000 -0.57336 -0.14954 0.00000
18.92131 89.88050 -22.99589 0.00000 -0.57406 -0.14870 0.00000
18.94478 89.71724 -23.03803 0.00000 -0.57477 -0.14787 0.00000
18.96820 89.55412 -23.07986 0.00000 -0.57547 -0.14706 0.00000
18.99158 89.39115 -23.12136 0.00000 -0.57616 -0.14626 0.00000
19.01490 89.22833 -23.16256 0.00000 -0.57686 -0.14548 0.00000
19.03817 89.06565 -23.20346 0.00000 -0.57756 -0.14472 0.00000
19.06140 88.90312 -23.24405 0.00000 -0.57825 -0.14396 0.00000
19.08458 88.74073 -23.28435 0.00000 -0.57894 -0.14323 0.00000
19.10771 88.57848 -23.32437 0.00000 -0.57963 -0.14250 0.00000
19.13079 88.41637 -23.36410 0.00000 -0.58032 -0.14179 0.00000
19.15382 88.25441 -23.40355 0.00000 -0.58101 -0.14110 0.00000
19.17681 88.09258 -23.44273 0.00000 -0.58169 -0.14041 0.00000
19.19975 87.93090 -23.48165 0.00000 -0.58238 -0.13974 0.00000
19.22265 87.76935 -23.52030 0.00000 -0.58306 -0.13909 0.00000
19.24550 87.60794 -23.55869 0.00000 -0.58374 -0.13844 0.00000
19.26830 87.44666 -23.59683 0.00000 -0.58443 -0.13781 0.00000
19.29106 87.28552 -23.63472 0.00000 -0.58511 -0.13719 0.00000
19.31377 87.12451 -23.67236 0.00000 -0.58578 -0.13658 0.00000
19.33643 86.96364 -23.70977 0.00000 -0.58646 -0.13599 0.00000
19.35906 86.80290 -23.74694 0.00000 -0.58714 -0.13540 0.00000
19.38163 86.64229 -23.78388 0.00000 -0.58781 -0.13483 0.00000
19.40417 86.48181 -23.82059 0.00000 -0.58849 -0.13427 0.00000
19.42665 86.32146 -23.85708 0.00000 -0.58916 -0.13372 0.00000
19.44910 86.16124 -23.89335 0.00000 -0.58984 -0.13318 0.00000
19.47150 86.00114 -23.92940 0.00000 -0.59051 -0.13265 0.00000
19.49386 85.84117 -23.96525 0.00000 -0.59118 -0.13213 0.00000
19.51618 85.68133 -24.00088 0.00000 -0.59185 -0.13162 0.00000
19.53845 85.52161 -24.03631 0.00000 -0.59252 -0.13112 0.00000
19.56068 85.36201 -24.07155 0.00000 -0.59318 -0.13063 0.00000
19.58287 85.20254 -24.10658 0.00000 -0.59385 -0.13015 0.00000
19.60502 85.04318 -24.14142 0.00000 -0.59452 -0.12968 0.00000
19.62713 84.88395 -24.17607 0.00000 -0.59518 -0.12922 0.00000
19.64919 84.72483 -24.21054 0.00000 -0.59585 -0.12877 0.00000
19.67122 84.56583 -24.24482 0.00000 -0.59651 -0.12832 0.00000
19.69320 84.40695 -24.27892 0.00000 -0.59717 -0.12789 0.00000
19.71514 84.24818 -24.31285 0.00000 -0.59783 -0.12746 0.00000
19.73705 84.08953 -24.34660 0.00000 -0.59850 -0.12705 0.00000
19.75891 83.93099 -24.38018 0.00000 -0.59916 -0.12664 0.00000
19.78074 83.77256 -24.41359 0.00000 -0.59981 -0.12624 0.00000
19.80252 83.61425 -24.44684 0.00000 -0.60047 -0.12584 0.00000
19.82427 83.45604 -24.47993 0.00000 -0.60113 -0.12546 0.00000
19.84597 83.29795 -24.51286 0.00000 -0.60179 -0.12508 0.00000
19.86764 83.13996 -24.54563 0.00000 -0.60244 -0.12471 0.00000
19.88927 82.98208 -24.57825 0.00000 -0.60310 -0.12435 0.00000
19.91087 82.82430 -24.61071 0.00000 -0.60375 -0.12399 0.00000
19.93242 82.66663 -24.64303 0.00000 -0.60440 -0.12365 0.00000
19.95394 82.50906 -24.67520 0.00000 -0.60505 -0.12331 0.00000
19.97542 82.35160 -24.70723 0.00000 -0.60571 -0.12297 0.00000
19.99686 82.19424 -24.73912 0.00000 -0.60636 -0.12265 0.00000
20.01827 82.03698 -24.77087 0.00000 -0.60701 -0.12232 0.00000
20.03964 81.87982 -24.80248 0.00000 -0.60765 -0.12201 0.00000
20.06097 81.72275 -24.83396 0.00000 -0.60830 -0.12170 0.00000
20.08227 81.56579 -24.86531 0.00000 -0.60895 -0.12140 0.00000
20.10353 81.40892 -24.89653 0.00000 -0.60959 -0.12111 0.00000
20.12476 81.25215 -24.92762 0.00000 -0.61024 -0.12082 0.00000
20.14595 81.09548 -24.95859 0.00000 -0.61088 -0.12053 0.00000
20.16711 80.93889 -24.98943 0.00000 -0.61152 -0.12026 0.00000
20.18823 80.78240 -25.02016 0.00000 -0.61217 -0.11999 0.00000
20.20932 80.62601 -25.05076 0.00000 -0.61281 -0.11972 0.00000
20.23037 80.46970 -25.08125 0.00000 -0.61345 -0.11946 0.00000
20.25139 80.31349 -25.11162 0.00000 -0.61408 -0.11920 0.00000
20.27238 80.15736 -25.14188 0.00000 -0.61472 -0.11895 0.00000
20.29333 80.00132 -25.17203 0.00000 -0.61536 -0.11871 0.00000
20.31425 79.84537 -25.20207 0.00000 -0.61599 -0.11847 0.00000
20.33513 79.68951 -25.23200 0.00000 -0.61663 -0.11824 0.00000
20.35598 79.53373 -25.26182 0.00000 -0.61726 -0.11801 0.00000
20.37680 79.37803 -25.29155 0.00000 -0.61789 -0.11778 0.00000
20.39759 79.22242 -25.32116 0.00000 -0.61853 -0.11756 0.00000
20.41834 79.06689 -25.35068 0.00000 -0.61916 -0.11735 0.00000
20.43907 78.91145 -25.38010 0.00000 -0.61979 -0.11713 0.00000
20.45976 78.75609 -25.40942 0.00000 -0.62041 -0.11693 0.00000
20.48042 78.60080 -25.43865 0.00000 -0.62104 -0.11673 0.00000
20.50104 78.44560 -25.46778 0.00000 -0.62167 -0.11653 0.00000
20.52164 78.29047 -25.49682 0.00000 -0.62229 -0.11633 0.00000
20.54221 78.13542 -25.52577 0.00000 -0.62292 -0.11614 0.00000
20.56274 77.98045 -25.55462 0.00000 -0.62354 -0.11596 0.00000
20.58325 77.82556 -25.58339 0.00000 -0.62416 -0.11578 0.00000
20.60372 77.67074 -25.61207 0.00000 -0.62478 -0.11560 0.00000
20.62416 77.51599 -25.64067 0.00000 -0.62540 -0.11543 0.00000
20.64458 77.36132 -25.66918 0.00000 -0.62602 -0.11526 0.00000
20.66496 77.20672 -25.69761 0.00000 -0.62663 -0.11509 0.00000
20.68532 77.05220 -25.72596 0.00000 -0.62725 -0.11493 0.00000
20.70564 76.89774 -25.75422 0.00000 -0.62786 -0.11477 0.00000
20.72594 76.74336 -25.78241 0.00000 -0.62848 -0.11461 0.00000
20.74621 76.58904 -25.81052 0.00000 -0.62909 -0.11446 0.00000
20.76644 76.43480 -25.83855 0.00000 -0.62970 -0.11431 0.00000
20.78665 76.28062 -25.86651 0.00000 -0.63031 -0.11416 0.00000
20.80684 76.12651 -25.89439 0.00000 -0.63092 -0.11402 0.00000
20.82699 75.97247 -25.92220 0.00000 -0.63152 -0.11388 0.00000
20.84712 75.81849 -25.94994 0.00000 -0.63213 -0.11375 0.00000
20.86721 75.66458 -25.97760 0.00000 -0.63273 -0.11361 0.00000
20.88728 75.51073 -26.00520 0.00000 -0.63333 -0.11348 0.00000
20.90733 75.35695 -26.03273 0.00000 -0.63394 -0.11335 0.00000
20.92734 75.20323 -26.06018 0.00000 -0.63454 -0.11323 0.00000
20.94733 75.04957 -26.08758 0.00000 -0.63514 -0.11311 0.00000
20.96729 74.89598 -26.11490 0.00000 -0.63573 -0.11299 0.00000
20.98723 74.74244 -26.14216 0.00000 -0.63633 -0.11287 0.00000
21.00714 74.58897 -26.16936 0.00000 -0.63692 -0.11276 0.00000
21.02702 74.43556 -26.19649 0.00000 -0.63752 -0.11265 0.00000
21.04687 74.28220 -26.22356 0.00000 -0.63811 -0.11254 0.00000
21.06670 74.12891 -26.25057 0.00000 -0.63870 -0.11243 0.00000
21.08651 73.97567 -26.27752 0.00000 -0.63929 -0.11233 0.00000
21.10629 73.82249 -26.30441 0.00000 -0.63988 -0.11223 0.00000
21.12604 73.66937 -26.33125 0.00000 -0.64047 -0.11213 0.00000
21.14577 73.51630 -26.35802 0.00000 -0.64105 -0.11203 0.00000
21.16547 73.36329 -26.38474 0.00000 -0.64164 -0.11194 0.00000
21.18515 73.21033 -26.41140 0.00000 -0.64222 -0.11185 0.00000
21.20480 73.05743 -26.43801 0.00000 -0.64280 -0.11175 0.00000
21.22443 72.90458 -26.46456 0.00000 -0.64338 -0.11167 0.00000
21.24403 72.75178 -26.49105 0.00000 -0.64396 -0.11158 0.00000
21.26361 72.59904 -26.51750 0.00000 -0.64453 -0.11150 0.00000
21.28317 72.44635 -26.54389 0.00000 -0.64511 -0.11142 0.00000
21.30270 72.29371 -26.57023 0.00000 -0.64568 -0.11134 0.00000
21.32220 72.14112 -26.59652 0.00000 -0.64626 -0.11126 0.00000
21.34169 71.98858 -26.62276 0.00000 -0.64683 -0.11118 0.00000
21.36115 71.83609 -26.64895 0.00000 -0.64740 -0.11111 0.00000
21.38059 71.68365 -26.67509 0.00000 -0.64797 -0.11103 0.00000
21.40000 71.53126 -26.70119 0.00000 -0.64853 -0.11096 0.00000
21.41939 71.37892 -26.72723 0.00000 -0.64910 -0.11089 0.00000
21.43876 71.22662 -26.75323 0.00000 -0.64966 -0.11083 0.00000
21.45810 71.07437 -26.77919 0.00000 -0.65023 -0.11076 0.00000
21.47742 70.92217 -26.80509 0.00000 -0.65079 -0.11070 0.00000
21.49672 70.77001 -26.83096 0.00000 -0.65135 -0.11063 0.00000
21.51600 70.61790 -26.85678 0.00000 -0.65191 -0.11057 0.00000
21.53526 70.46584 -26.88255 0.00000 -0.65246 -0.11051 0.00000
21.55449 70.31381 -26.90828 0.00000 -0.65302 -0.11046 0.00000
21.57370 70.16184 -26.93397 0.00000 -0.65357 -0.11040 0.00000
21.59289 70.00990 -26.95962 0.00000 -0.65412 -0.11034 0.00000
21.61206 69.85801 -26.98522 0.00000 -0.65468 -0.11029 0.00000
21.63121 69.70616 -27.01079 0.00000 -0.65522 -0.11024 0.00000
21.65033 69.55436 -27.03631 0.00000 -0.65577 -0.11019 0.00000
21.66944 69.40259 -27.06180 0.00000 -0.65632 -0.11014 0.00000
21.68852 69.25087 -27.08724 0.00000 -0.65686 -0.11009 0.00000
21.70758 69.09918 -27.11265 0.00000 -0.65741 -0.11004 0.00000
21.72662 68.94754 -27.13802 0.00000 -0.65795 -0.11000 0.00000
21.74564 68.79594 -27.16335 0.00000 -0.65849 -0.10995 0.00000
21.76464 68.64437 -27.18864 0.00000 -0.65903 -0.10991 0.00000
21.78362 68.49285 -27.21389 0.00000 -0.65957 -0.10987 0.00000
21.80258 68.34136 -27.23911 0.00000 -0.66010 -0.10983 0.00000
21.82152 68.18991 -27.26430 0.00000 -0.66064 -0.10979 0.00000
21.84044 68.03850 -27.28944 0.00000 -0.66117 -0.10975 0.00000
21.85934 67.88713 -27.31456 0.00000 -0.66170 -0.10971 0.00000
21.87822 67.73579 -27.33963 0.00000 -0.66223 -0.10967 0.00000
21.89708 67.58449 -27.36468 0.00000 -0.66276 -0.10964 0.00000
21.91592 67.43322 -27.38969 0.00000 -0.66329 -0.10960 0.00000
21.93474 67.28200 -27.41466 0.00000 -0.66381 -0.10957 0.00000
21.95355 67.13080 -27.43960 0.00000 -0.66434 -0.10954 0.00000
21.97233 66.97964 -27.46451 0.00000 -0.66486 -0.10950 0.00000
21.99109 66.82852 -27.48939 0.00000 -0.66538 -0.10947 0.00000
22.00984 66.67743 -27.51424 0.00000 -0.66590 -0.10944 0.00000
22.02856 66.52637 -27.53905 0.00000 -0.66642 -0.10941 0.00000
22.04727 66.37535 -27.56383 0.00000 -0.66693 -0.10939 0.00000
22.06596 66.22435 -27.58859 0.00000 -0.66745 -0.10936 0.00000
22.08463 66.07340 -27.61331 0.00000 -0.66796 -0.10933 0.00000
22.10328 65.92247 -27.63800 0.00000 -0.66847 -0.10931 0.00000
22.12192 65.77157 -27.66266 0.00000 -0.66898 -0.10928 0.00000
22.14053 65.62071 -27.68729 0.00000 -0.66949 -0.10926 0.00000
22.15913 65.46988 -27.71189 0.00000 -0.67000 -0.10923 0.00000
22.17771 65.31908 -27.73647 0.00000 -0.67050 -0.10921 0.00000
22.19628 65.16831 -27.76101 0.00000 -0.67101 -0.10919 0.00000
22.21482 65.01756 -27.78553 0.00000 -0.67151 -0.10916 0.00000
22.23335 64.86685 -27.81002 0.00000 -0.67201 -0.10914 0.00000
22.25186 64.71617 -27.83448 0.00000 -0.67251 -0.10912 0.00000
22.27035 64.56552 -27.85891 0.00000 -0.67301 -0.10910 0.00000
22.28883 64.41489 -27.88332 0.00000 -0.67351 -0.10908 0.00000
22.30729 64.26430 -27.90770 0.00000 -0.67400 -0.10907 0.00000
22.32573 64.11373 -27.93205 0.00000 -0.67450 -0.10905 0.00000
22.34415 63.96319 -27.95638 0.00000 -0.67499 -0.10903 0.00000
22.36256 63.81267 -27.98068 0.00000 -0.67548 -0.10901 0.00000
22.38095 63.66219 -28.00496 0.00000 -0.67597 -0.10900 0.00000
22.39933 63.51173 -28.02921 0.00000 -0.67646 -0.10898 0.00000
22.41769 63.36129 -28.05344 0.00000 -0.67694 -0.10897 0.00000
22.43603 63.21089 -28.07764 0.00000 -0.67743 -0.10895 0.00000
22.45435 63.06050 -28.10181 0.00000 -0.67791 -0.10894 0.00000
22.47266 62.91015 -28.12596 0.00000 -0.67839 -0.10892 0.00000
22.49096 62.75982 -28.15009 0.00000 -0.67887 -0.10891 0.00000
22.50924 62.60951 -28.17419 0.00000 -0.67935 -0.10890 0.00000
22.52750 62.45923 -28.19827 0.00000 -0.67983 -0.10889 0.00000
22.54574 62.30897 -28.22233 0.00000 -0.68031 -0.10887 0.00000
22.56397 62.15874 -28.24636 0.00000 -0.68078 -0.10886 0.00000
22.58219 62.00853 -28.27037 0.00000 -0.68125 -0.10885 0.00000
22.60039 61.85835 -28.29436 0.00000 -0.68173 -0.10884 0.00000
22.61857 61.70819 -28.31832 0.00000 -0.68220 -0.10883 0.00000
22.63674 61.55805 -28.34227 0.00000 -0.68266 -0.10882 0.00000
22.65490 61.40793 -28.36619 0.00000 -0.68313 -0.10881 0.00000
22.67303 61.25784 -28.39008 0.00000 -0.68360 -0.10880 0.00000
22.69116 61.10776 -28.41396 0.00000 -0.68406 -0.10879 0.00000
22.70927 60.95771 -28.43781 0.00000 -0.68452 -0.10878 0.00000
22.72736 60.80768 -28.46165 0.00000 -0.68498 -0.10877 0.00000
22.74544 60.65768 -28.48546 0.00000 -0.68544 -0.10876 0.00000
22.76350 60.50769 -28.50925 0.00000 -0.68590 -0.10876 0.00000
22.78155 60.35772 -28.53302 0.00000 -0.68636 -0.10875 0.00000
22.79959 60.20778 -28.55677 0.00000 -0.68682 -0.10874 0.00000
22.81761 60.05785 -28.58050 0.00000 -0.68727 -0.10873 0.00000
22.83562 59.90795 -28.60420 0.00000 -0.68772 -0.10873 0.00000
22.85361 59.75807 -28.62789 0.00000 -0.68817 -0.10872 0.00000
22.87159 59.60820 -28.65156 0.00000 -0.68862 -0.10871 0.00000
22.88955 59.45835 -28.67521 0.00000 -0.68907 -0.10871 0.00000
22.90750 59.30853 -28.69883 0.00000 -0.68952 -0.10870 0.00000
22.92544 59.15872 -28.72244 0.00000 -0.68996 -0.10869 0.00000
22.94336 59.00893 -28.74603 0.00000 -0.69041 -0.10869 0.00000
22.96127 58.85916 -28.76960 0.00000 -0.69085 -0.10868 0.00000
22.97916 58.70941 -28.79315 0.00000 -0.69129 -0.10868 0.00000
22.99705 58.55967 -28.81668 0.00000 -0.69173 -0.10867 0.00000
23.01492 58.40995 -28.84020 0.00000 -0.69217 -0.10867 0.00000
23.03277 58.26025 -28.86369 0.00000 -0.69261 -0.10866 0.00000
23.05061 58.11057 -28.88717 0.00000 -0.69304 -0.10866 0.00000
23.06844 57.96090 -28.91062 0.00000 -0.69348 -0.10865 0.00000
23.08626 57.81125 -28.93406 0.00000 -0.69391 -0.10865 0.00000
23.10406 57.66162 -28.95748 0.00000 -0.69434 -0.10864 0.00000
23.12185 57.51201 -28.98088 0.00000 -0.69477 -0.10864 0.00000
23.13962 57.36241 -29.00427 0.00000 -0.69520 -0.10863 0.00000
23.15739 57.21282 -29.02763 0.00000 -0.69563 -0.10863 0.00000
23.17514 57.06325 -29.05098 0.00000 -0.69605 -0.10862 0.00000
23.19288 56.91370 -29.07431 0.00000 -0.69648 -0.10862 0.00000
23.21060 56.76416 -29.09762 0.00000 -0.69690 -0.10861 0.00000
23.22832 56.61464 -29.12092 0.00000 -0.69732 -0.10861 0.00000
23.24602 56.46513 -29.14420 0.00000 -0.69775 -0.10860 0.00000
23.26370 56.31564 -29.16746 0.00000 -0.69816 -0.10860 0.00000
23.28138 56.16616 -29.19070 0.00000 -0.69858 -0.10860 0.00000
23.29904 56.01669 -29.21393 0.00000 -0.69900 -0.10859 0.00000
23.31669 55.86724 -29.23714 0.00000 -0.69941 -0.10859 0.00000
23.33433 55.71780 -29.26033 0.00000 -0.69983 -0.10858 0.00000
23.35196 55.56838 -29.28351 0.00000 -0.70024 -0.10858 0.00000
23.36958 55.41897 -29.30667 0.00000 -0.70065 -0.10857 0.00000
23.38718 55.26957 -29.32981 0.00000 -0.70106 -0.10857 0.00000
23.40477 55.12019 -29.35294 0.00000 -0.70147 -0.10856 0.00000
23.42235 54.97082 -29.37605 0.00000 -0.70188 -0.10856 0.00000
23.43992 54.82146 -29.39914 0.00000 -0.70228 -0.10855 0.00000
23.45748 54.67212 -29.42222 0.00000 -0.70269 -0.10855 0.00000
23.47502 54.52278 -29.44528 0.00000 -0.70309 -0.10854 0.00000
23.49256 54.37346 -29.46833 0.00000 -0.70349 -0.10854 0.00000
23.51008 54.22415 -29.49136 0.00000 -0.70389 -0.10853 0.00000
23.52759 54.07485 -29.51437 0.00000 -0.70429 -0.10853 0.00000
23.54509 53.92557 -29.53737 0.00000 -0.70469 -0.10852 0.00000
23.56258 53.77629 -29.56035 0.00000 -0.70509 -0.10852 0.00000
23.58006 53.62703 -29.58332 0.00000 -0.70548 -0.10851 0.00000
23.59752 53.47778 -29.60627 0.00000 -0.70588 -0.10851 0.00000
23.61498 53.32853 -29.62920 0.00000 -0.70627 -0.10850 0.00000
23.63242 53.17930 -29.65212 0.00000 -0.70666 -0.10850 0.00000
23.64986 53.03008 -29.67503 0.00000 -0.70705 -0.10849 0.00000
23.66728 52.88087 -29.69791 0.00000 -0.70744 -0.10848 0.00000
23.68469 52.73167 -29.72079 0.00000 -0.70783 -0.10848 0.00000
23.70209 52.58248 -29.74364 0.00000 -0.70821 -0.10847 0.00000
23.71948 52.43330 -29.76649 0.00000 -0.70860 -0.10847 0.00000
23.73686 52.28413 -29.78931 0.00000 -0.70898 -0.10846 0.00000
23.75423 52.13497 -29.81212 0.00000 -0.70936 -0.10845 0.00000
23.77159 51.98581 -29.83492 0.00000 -0.70975 -0.10844 0.00000
23.78894 51.83667 -29.85770 0.00000 -0.71013 -0.10844 0.00000
23.80628 51.68754 -29.88047 0.00000 -0.71051 -0.10843 0.00000
23.82361 51.53841 -29.90322 0.00000 -0.71088 -0.10842 0.00000
23.84093 51.38929 -29.92595 0.00000 -0.71126 -0.10841 0.00000
23.85824 51.24018 -29.94868 0.00000 -0.71163 -0.10841 0.00000
23.87553 51.09108 -29.97138 0.00000 -0.71201 -0.10840 0.00000
23.89282 50.94199 -29.99407 0.00000 -0.71238 -0.10839 0.00000
23.91010 50.79291 -30.01675 0.00000 -0.71275 -0.10838 0.00000
23.92737 50.64383 -30.03941 0.00000 -0.71312 -0.10837 0.00000
23.94463 50.49476 -30.06206 0.00000 -0.71349 -0.10836 0.00000
23.96188 50.34570 -30.08469 0.00000 -0.71386 -0.10835 0.00000
23.97911 50.19664 -30.10731 0.00000 -0.71423 -0.10834 0.00000
23.99634 50.04759 -30.12991 0.00000 -0.71459 -0.10833 0.00000
24.01356 49.89855 -30.15250 0.00000 -0.71496 -0.10832 0.00000
24.03077 49.74952 -30.17507 0.00000 -0.71532 -0.10831 0.00000
24.04797 49.60049 -30.19763 0.00000 -0.71568 -0.10830 0.00000
24.06516 49.45147 -30.22017 0.00000 -0.71604 -0.10829 0.00000
24.08235 49.30246 -30.24270 0.00000 -0.71640 -0.10828 0.00000
24.09952 49.15345 -30.26521 0.00000 -0.71676 -0.10827 0.00000
24.11668 49.00445 -30.28771 0.00000 -0.71712 -0.10825 0.00000
24.13384 48.85545 -30.31020 0.00000 -0.71747 -0.10824 0.00000
24.15098 48.70646 -30.33267 0.00000 -0.71783 -0.10823 0.00000
24.16812 48.55748 -30.35513 0.00000 -0.71818 -0.10821 0.00000
24.18524 48.40850 -30.37757 0.00000 -0.71853 -0.10820 0.00000
24.20236 48.25952 -30.39999 0.00000 -0.71888 -0.10819 0.00000
24.21947 48.11056 -30.42241 0.00000 -0.71923 -0.10817 0.00000
24.23657 47.96159 -30.44480 0.00000 -0.71958 -0.10816 0.00000
24.25366 47.81263 -30.46719 0.00000 -0.71993 -0.10814 0.00000
24.27074 47.66368 -30.48955 0.00000 -0.72028 -0.10813 0.00000
24.28782 47.51473 -30.51191 0.00000 -0.72062 -0.10811 0.00000
24.30488 47.36578 -30.53425 0.00000 -0.72097 -0.10810 0.00000
24.32194 47.21684 -30.55657 0.00000 -0.72131 -0.10808 0.00000
24.33899 47.06790 -30.57888 0.00000 -0.72165 -0.10806 0.00000
24.35603 46.91897 -30.60118 0.00000 -0.72199 -0.10805 0.00000
24.37306 46.77004 -30.62346 0.00000 -0.72233 -0.10803 0.00000
24.39008 46.62112 -30.64572 0.00000 -0.72267 -0.10801 0.00000
24.40709 46.47219 -30.66797 0.00000 -0.72301 -0.10799 0.00000
24.42410 46.32328 -30.69021 0.00000 -0.72334 -0.10798 0.00000
24.44110 46.17436 -30.71243 0.00000 -0.72368 -0.10796 0.00000
24.45809 46.02545 -30.73464 0.00000 -0.72401 -0.10794 0.00000
24.47507 45.87654 -30.75683 0.00000 -0.72434 -0.10792 0.00000
24.49204 45.72763 -30.77901 0.00000 -0.72468 -0.10790 0.00000
24.50900 45.57873 -30.80117 0.00000 -0.72501 -0.10788 0.00000
24.52596 45.42983 -30.82332 0.00000 -0.72534 -0.10785 0.00000
24.54291 45.28093 -30.84545 0.00000 -0.72567 -0.10783 0.00000
24.55985 45.13203 -30.86757 0.00000 -0.72599 -0.10781 0.00000
24.57678 44.98314 -30.88968 0.00000 -0.72632 -0.10779 0.00000
24.59371 44.83425 -30.91176 0.00000 -0.72664 -0.10776 0.00000
24.61063 44.68536 -30.93384 0.00000 -0.72697 -0.10774 0.00000
24.62754 44.53647 -30.95590 0.00000 -0.72729 -0.10772 0.00000
24.64444 44.38758 -30.97794 0.00000 -0.72761 -0.10769 0.00000
24.66133 44.23870 -30.99997 0.00000 -0.72793 -0.10767 0.00000
24.67822 44.08981 -31.02198 0.00000 -0.72825 -0.10764 0.00000
24.69510 43.94093 -31.04398 0.00000 -0.72857 -0.10762 0.00000
24.71197 43.79205 -31.06597 0.00000 -0.72889 -0.10759 0.00000
24.72884 43.64317 -31.08793 0.00000 -0.72921 -0.10756 0.00000
24.74569 43.49429 -31.10989 0.00000 -0.72952 -0.10753 0.00000
24.76254 43.34541 -31.13183 0.00000 -0.72984 -0.10751 0.00000
24.77939 43.19653 -31.15375 0.00000 -0.73015 -0.10748 0.00000
24.79622 43.04765 -31.17566 0.00000 -0.73046 -0.10745 0.00000
24.81305 42.89878 -31.19755 0.00000 -0.73077 -0.10742 0.00000
24.82987 42.74990 -31.21942 0.00000 -0.73108 -0.10739 0.00000
24.84668 42.60102 -31.24128 0.00000 -0.73139 -0.10736 0.00000
24.86349 42.45214 -31.26313 0.00000 -0.73170 -0.10733 0.00000
24.88029 42.30327 -31.28496 0.00000 -0.73201 -0.10729 0.00000
24.89708 42.15439 -31.30677 0.00000 -0.73231 -0.10726 0.00000
24.91387 42.00551 -31.32857 0.00000 -0.73262 -0.10723 0.00000
24.93064 41.85663 -31.35035 0.00000 -0.73292 -0.10719 0.00000
24.94742 41.70775 -31.37212 0.00000 -0.73322 -0.10716 0.00000
24.96418 41.55887 -31.39387 0.00000 -0.73352 -0.10713 0.00000
24.98094 41.40999 -31.41561 0.00000 -0.73383 -0.10709 0.00000
24.99769 41.26110 -31.43733 0.00000 -0.73412 -0.10705 0.00000
25.01444 41.11222 -31.45903 0.00000 -0.73442 -0.10702 0.00000
25.03117 40.96333 -31.48072 0.00000 -0.73472 -0.10698 0.00000
25.04791 40.81445 -31.50239 0.00000 -0.73502 -0.10694 0.00000
25.06463 40.66556 -31.52404 0.00000 -0.73531 -0.10690 0.00000
25.08135 40.51667 -31.54568 0.00000 -0.73561 -0.10686 0.00000
25.09806 40.36777 -31.56730 0.00000 -0.73590 -0.10682 0.00000
25.11477 40.21888 -31.58890 0.00000 -0.73619 -0.10678 0.00000
25.13147 40.06998 -31.61049 0.00000 -0.73648 -0.10674 0.00000
25.14816 39.92109 -31.63206 0.00000 -0.73677 -0.10670 0.00000
25.16485 39.77218 -31.65362 0.00000 -0.73706 -0.10666 0.00000
25.18153 39.62328 -31.67516 0.00000 -0.73735 -0.10661 0.00000
25.19820 39.47437 -31.69668 0.00000 -0.73764 -0.10657 0.00000
25.21487 39.32547 -31.71818 0.00000 -0.73793 -0.10652 0.00000
25.23153 39.17655 -31.73967 0.00000 -0.73821 -0.10648 0.00000
25.24819 39.02764 -31.76114 0.00000 -0.73849 -0.10643 0.00000
25.26484 38.87872 -31.78259 0.00000 -0.73878 -0.10638 0.00000
25.28148 38.72980 -31.80403 0.00000 -0.73906 -0.10634 0.00000
25.29812 38.58088 -31.82545 0.00000 -0.73934 -0.10629 0.00000
25.31475 38.43195 -31.84685 0.00000 -0.73962 -0.10624 0.00000
25.33137 38.28302 -31.86823 0.00000 -0.73990 -0.10619 0.00000
25.34799 38.13408 -31.88960 0.00000 -0.74018 -0.10614 0.00000
25.36461 37.98514 -31.91095 0.00000 -0.74046 -0.10609 0.00000
25.38122 37.83620 -31.93228 0.00000 -0.74073 -0.10603 0.00000
25.39782 37.68725 -31.95359 0.00000 -0.74101 -0.10598 0.00000
25.41442 37.53830 -31.97488 0.00000 -0.74128 -0.10593 0.00000
25.43101 37.38935 -31.99616 0.00000 -0.74155 -0.10587 0.00000
25.44759 37.24039 -32.01741 0.00000 -0.74183 -0.10582 0.00000
25.46417 37.09142 -32.03865 0.00000 -0.74210 -0.10576 0.00000
25.48075 36.94245 -32.05987 0.00000 -0.74237 -0.10570 0.00000
25.49732 36.79348 -32.08108 0.00000 -0.74264 -0.10564 0.00000
25.51388 36.64450 -32.10226 0.00000 -0.74290 -0.10559 0.00000
25.53044 36.49552 -32.12342 0.00000 -0.74317 -0.10553 0.00000
25.54699 36.34653 -32.14457 0.00000 -0.74344 -0.10547 0.00000
25.56354 36.19753 -32.16570 0.00000 -0.74370 -0.10540 0.00000
25.58008 36.04854 -32.18681 0.00000 -0.74397 -0.10534 0.00000
25.59662 35.89953 -32.20789 0.00000 -0.74423 -0.10528 0.00000
25.61315 35.75052 -32.22896 0.00000 -0.74449 -0.10522 0.00000
25.62968 35.60150 -32.25001 0.00000 -0.74475 -0.10515 0.00000
25.64620 35.45248 -32.27104 0.00000 -0.74501 -0.10508 0.00000
25.66272 35.30345 -32.29205 0.00000 -0.74527 -0.10502 0.00000
25.67923 35.15442 -32.31304 0.00000 -0.74553 -0.10495 0.00000
25.69573 35.00538 -32.33401 0.00000 -0.74579 -0.10488 0.00000
25.71224 34.85633 -32.35496 0.00000 -0.74605 -0.10481 0.00000
25.72873 34.70728 -32.37589 0.00000 -0.74630 -0.10474 0.00000
25.74522 34.55822 -32.39680 0.00000 -0.74656 -0.10467 0.00000
25.76171 34.40916 -32.41769 0.00000 -0.74681 -0.10460 0.00000
25.77819 34.26008 -32.43856 0.00000 -0.74706 -0.10453 0.00000
25.79467 34.11100 -32.45941 0.00000 -0.74731 -0.10445 0.00000
25.81114 33.96192 -32.48023 0.00000 -0.74756 -0.10438 0.00000
25.82761 33.81283 -32.50104 0.00000 -0.74781 -0.10430 0.00000
25.84407 33.66373 -32.52183 0.00000 -0.74806 -0.10422 0.00000
25.86053 33.51462 -32.54259 0.00000 -0.74831 -0.10415 0.00000
25.87698 33.36550 -32.56333 0.00000 -0.74855 -0.10407 0.00000
25.89343 33.21638 -32.58405 0.00000 -0.74880 -0.10399 0.00000
25.90988 33.06725 -32.60475 0.00000 -0.74904 -0.10391 0.00000
25.92632 32.91811 -32.62543 0.00000 -0.74929 -0.10382 0.00000
25.94275 32.76897 -32.64608 0.00000 -0.74953 -0.10374 0.00000
25.95918 32.61981 -32.66671 0.00000 -0.74977 -0.10366 0.00000
25.97561 32.47065 -32.68732 0.00000 -0.75001 -0.10357 0.00000
25.99203 32.32148 -32.70791 0.00000 -0.75025 -0.10348 0.00000
26.00845 32.17230 -32.72847 0.00000 -0.75049 -0.10340 0.00000
26.02486 32.02312 -32.74902 0.00000 -0.75073 -0.10331 0.00000
26.04127 31.87392 -32.76953 0.00000 -0.75097 -0.10322 0.00000
26.05768 31.72472 -32.79003 0.00000 -0.75120 -0.10313 0.00000
26.07408 31.57551 -32.81050 0.00000 -0.75144 -0.10304 0.00000
26.09047 31.42629 -32.83095 0.00000 -0.75167 -0.10294 0.00000
26.10687 31.27706 -32.85138 0.00000 -0.75190 -0.10285 0.00000
26.12326 31.12782 -32.87178 0.00000 -0.75213 -0.10276 0.00000
26.13964 30.97857 -32.89215 0.00000 -0.75236 -0.10266 0.00000
26.15602 30.82932 -32.91251 0.00000 -0.75259 -0.10256 0.00000
26.17240 30.68005 -32.93284 0.00000 -0.75282 -0.10246 0.00000
26.18877 30.53077 -32.95314 0.00000 -0.75305 -0.10236 0.00000
26.20514 30.38149 -32.97342 0.00000 -0.75328 -0.10226 0.00000
26.22150 30.23220 -32.99367 0.00000 -0.75350 -0.10216 0.00000
26.23786 30.08289 -33.01390 0.00000 -0.75373 -0.10206 0.00000
26.25422 29.93358 -33.03411 0.00000 -0.75395 -0.10195 0.00000
26.27057 29.78425 -33.05429 0.00000 -0.75417 -0.10185 0.00000
26.28692 29.63492 -33.07444 0.00000 -0.75440 -0.10174 0.00000
26.30327 29.48558 -33.09457 0.00000 -0.75462 -0.10163 0.00000
26.31961 29.33622 -33.11467 0.00000 -0.75484 -0.10152 0.00000
26.33595 29.18686 -33.13475 0.00000 -0.75505 -0.10141 0.00000
26.35229 29.03749 -33.15479 0.00000 -0.75527 -0.10130 0.00000
26.36862 28.88810 -33.17482 0.00000 -0.75549 -0.10119 0.00000
26.38495 28.73871 -33.19481 0.00000 -0.75571 -0.10108 0.00000
26.40127 28.58930 -33.21478 0.00000 -0.75592 -0.10096 0.00000
26.41759 28.43989 -33.23472 0.00000 -0.75613 -0.10084 0.00000
26.43391 28.29046 -33.25464 0.00000 -0.75635 -0.10073 0.00000
26.45022 28.14102 -33.27452 0.00000 -0.75656 -0.10061 0.00000
26.46654 27.99157 -33.29438 0.00000 -0.75677 -0.10049 0.00000
26.48284 27.84211 -33.31422 0.00000 -0.75698 -0.10037 0.00000
26.49915 27.69264 -33.33402 0.00000 -0.75719 -0.10024 0.00000
26.51545 27.54316 -33.35379 0.00000 -0.75739 -0.10012 0.00000
26.53175 27.39367 -33.37354 0.00000 -0.75760 -0.09999 0.00000
26.54804 27.24416 -33.39326 0.00000 -0.75781 -0.09987 0.00000
26.56433 27.09465 -33.41294 0.00000 -0.75801 -0.09974 0.00000
26.58062 26.94512 -33.43260 0.00000 -0.75821 -0.09961 0.00000
26.59691 26.79558 -33.45223 0.00000 -0.75842 -0.09948 0.00000
26.61319 26.64603 -33.47183 0.00000 -0.75862 -0.09934 0.00000
26.62947 26.49647 -33.49140 0.00000 -0.75882 -0.09921 0.00000
26.64574 26.34690 -33.51094 0.00000 -0.75902 -0.09908 0.00000
26.66202 26.19731 -33.53045 0.00000 -0.75922 -0.09894 0.00000
26.67829 26.04771 -33.54993 0.00000 -0.75941 -0.09880 0.00000
26.69455 25.89810 -33.56938 0.00000 -0.75961 -0.09866 0.00000
26.71082 25.74848 -33.58880 0.00000 -0.75980 -0.09852 0.00000
26.72708 25.59885 -33.60818 0.00000 -0.76000 -0.09838 0.00000
26.74334 25.44920 -33.62754 0.00000 -0.76019 -0.09824 0.00000
26.75959 25.29954 -33.64686 0.00000 -0.76038 -0.09809 0.00000
26.77585 25.14987 -33.66615 0.00000 -0.76057 -0.09795 0.00000
26.79210 25.00019 -33.68541 0.00000 -0.76076 -0.09780 0.00000
26.80835 24.85049 -33.70464 0.00000 -0.76095 -0.09765 0.00000
26.82459 24.70078 -33.72383 0.00000 -0.76114 -0.09750 0.00000
26.84083 24.55106 -33.74299 0.00000 -0.76133 -0.09735 0.00000
26.85707 24.40133 -33.76212 0.00000 -0.76151 -0.09719 0.00000
26.87331 24.25158 -33.78122 0.00000 -0.76170 -0.09704 0.00000
26.88955 24.10182 -33.80028 0.00000 -0.76188 -0.09688 0.00000
26.90578 23.95205 -33.81931 0.00000 -0.76206 -0.09672 0.00000
26.92201 23.80227 -33.83830 0.00000 -0.76224 -0.09656 0.00000
26.93824 23.65247 -33.85726 0.00000 -0.76242 -0.09640 0.00000
26.95446 23.50266 -33.87618 0.00000 -0.76260 -0.09624 0.00000
26.97068 23.35283 -33.89507 0.00000 -0.76278 -0.09608 0.00000
26.98690 23.20300 -33.91393 0.00000 -0.76296 -0.09591 0.00000
27.00312 23.05315 -33.93275 0.00000 -0.76313 -0.09575 0.00000
27.01934 22.90328 -33.95153 0.00000 -0.76331 -0.09558 0.00000
27.03555 22.75341 -33.97028 0.00000 -0.76348 -0.09541 0.00000
27.05176 22.60352 -33.98899 0.00000 -0.76365 -0.09524 0.00000
27.06797 22.45361 -34.00767 0.00000 -0.76382 -0.09506 0.00000
27.08418 22.30370 -34.02631 0.00000 -0.76399 -0.09489 0.00000
27.10038 22.15377 -34.04491 0.00000 -0.76416 -0.09471 0.00000
27.11658 22.00383 -34.06348 0.00000 -0.76433 -0.09454 0.00000
27.13278 21.85387 -34.08200 0.00000 -0.76450 -0.09436 0.00000
27.14898 21.70390 -34.10049 0.00000 -0.76466 -0.09418 0.00000
27.16518 21.55391 -34.11895 0.00000 -0.76483 -0.09400 0.00000
27.18137 21.40392 -34.13736 0.00000 -0.76499 -0.09381 0.00000
27.19757 21.25391 -34.15574 0.00000 -0.76515 -0.09363 0.00000
27.21376 21.10388 -34.17407 0.00000 -0.76531 -0.09344 0.00000
27.22994 20.95384 -34.19237 0.00000 -0.76547 -0.09325 0.00000
27.24613 20.80379 -34.21063 0.00000 -0.76563 -0.09306 0.00000
27.26232 20.65373 -34.22885 0.00000 -0.76579 -0.09287 0.00000
27.27850 20.50365 -34.24703 0.00000 -0.76595 -0.09268 0.00000
27.29468 20.35356 -34.26517 0.00000 -0.76610 -0.09248 0.00000
27.31086 20.20345 -34.28327 0.00000 -0.76626 -0.09229 0.00000
27.32704 20.05333 -34.30133 0.00000 -0.76641 -0.09209 0.00000
27.34321 19.90320 -34.31935 0.00000 -0.76656 -0.09189 0.00000
27.35939 19.75305 -34.33733 0.00000 -0.76671 -0.09169 0.00000
27.37556 19.60289 -34.35527 0.00000 -0.76686 -0.09149 0.00000
27.39173 19.45271 -34.37316 0.00000 -0.76701 -0.09129 0.00000
27.40790 19.30253 -34.39101 0.00000 -0.76716 -0.09108 0.00000
27.42407 19.15232 -34.40882 0.00000 -0.76730 -0.09087 0.00000
27.44023 19.00211 -34.42659 0.00000 -0.76745 -0.09067 0.00000
27.45640 18.85188 -34.44432 0.00000 -0.76759 -0.09046 0.00000
27.47256 18.70164 -34.46200 0.00000 -0.76773 -0.09024 0.00000
27.48872 18.55138 -34.47964 0.00000 -0.76788 -0.09003 0.00000
27.50488 18.40111 -34.49724 0.00000 -0.76802 -0.08982 0.00000
27.52104 18.25082 -34.51479 0.00000 -0.76815 -0.08960 0.00000
27.53719 18.10053 -34.53230 0.00000 -0.76829 -0.08938 0.00000
27.55335 17.95021 -34.54976 0.00000 -0.76843 -0.08916 0.00000
27.56950 17.79989 -34.56718 0.00000 -0.76856 -0.08894 0.00000
27.58566 17.64955 -34.58456 0.00000 -0.76870 -0.08872 0.00000
27.60181 17.49920 -34.60189 0.00000 -0.76883 -0.08850 0.00000
27.61796 17.34883 -34.61917 0.00000 -0.76896 -0.08827 0.00000
27.63411 17.19845 -34.63641 0.00000 -0.76909 -0.08804 0.00000
27.65025 17.04806 -34.65360 0.00000 -0.76922 -0.08781 0.00000
27.66640 16.89765 -34.67075 0.00000 -0.76935 -0.08758 0.00000
27.68254 16.74724 -34.68785 0.00000 -0.76948 -0.08735 0.00000
27.69869 16.59680 -34.70490 0.00000 -0.76960 -0.08712 0.00000
27.71483 16.44636 -34.72191 0.00000 -0.76973 -0.08688 0.00000
27.73097 16.29590 -34.73887 0.00000 -0.76985 -0.08665 0.00000
27.74711 16.14542 -34.75578 0.00000 -0.76997 -0.08641 0.00000
27.76325 15.99494 -34.77264 0.00000 -0.77009 -0.08617 0.00000
27.77939 15.84444 -34.78946 0.00000 -0.77021 -0.08593 0.00000
27.79552 15.69393 -34.80622 0.00000 -0.77033 -0.08569 0.00000
27.81166 15.54340 -34.82294 0.00000 -0.77045 -0.08544 0.00000
27.82779 15.39287 -34.83961 0.00000 -0.77056 -0.08520 0.00000
27.84393 15.24232 -34.85623 0.00000 -0.77068 -0.08495 0.00000
27.86006 15.09175 -34.87280 0.00000 -0.77079 -0.08470 0.00000
27.87619 14.94118 -34.88933 0.00000 -0.77090 -0.08445 0.00000
27.89232 14.79059 -34.90580 0.00000 -0.77102 -0.08420 0.00000
27.90845 14.63999 -34.92222 0.00000 -0.77113 -0.08395 0.00000
27.92458 14.48937 -34.93859 0.00000 -0.77123 -0.08370 0.00000
27.94071 14.33875 -34.95491 0.00000 -0.77134 -0.08344 0.00000
27.95684 14.18811 -34.97118 0.00000 -0.77145 -0.08318 0.00000
27.97296 14.03746 -34.98740 0.00000 -0.77155 -0.08293 0.00000
27.98909 13.88679 -35.00356 0.00000 -0.77166 -0.08267 0.00000
28.00521 13.73612 -35.01968 0.00000 -0.77176 -0.08241 0.00000
28.02133 13.58543 -35.03574 0.00000 -0.77186 -0.08214 0.00000
28.03746 13.43473 -35.05175 0.00000 -0.77196 -0.08188 0.00000
28.05358 13.28402 -35.06771 0.00000 -0.77206 -0.08161 0.00000
28.06970 13.13330 -35.08362 0.00000 -0.77215 -0.08135 0.00000
28.08582 12.98257 -35.09947 0.00000 -0.77225 -0.08108 0.00000
28.10194 12.83182 -35.11527 0.00000 -0.77235 -0.08081 0.00000
28.11806 12.68106 -35.13102 0.00000 -0.77244 -0.08054 0.00000
28.13418 12.53030 -35.14671 0.00000 -0.77253 -0.08027 0.00000
28.15029 12.37952 -35.16235 0.00000 -0.77262 -0.07999 0.00000
28.16641 12.22873 -35.17793 0.00000 -0.77271 -0.07972 0.00000
28.18252 12.07793 -35.19346 0.00000 -0.77280 -0.07944 0.00000
28.19864 11.92711 -35.20894 0.00000 -0.77289 -0.07917 0.00000
28.21475 11.77629 -35.22436 0.00000 -0.77298 -0.07889 0.00000
28.23087 11.62546 -35.23972 0.00000 -0.77306 -0.07861 0.00000
28.24698 11.47461 -35.25504 0.00000 -0.77315 -0.07833 0.00000
28.26309 11.32376 -35.27029 0.00000 -0.77323 -0.07805 0.00000
28.27920 11.17290 -35.28549 0.00000 -0.77331 -0.07776 0.00000
28.29532 11.02202 -35.30063 0.00000 -0.77339 -0.07748 0.00000
28.31143 10.87114 -35.31572 0.00000 -0.77347 -0.07720 0.00000
28.32754 10.72024 -35.33075 0.00000 -0.77355 -0.07691 0.00000
28.34365 10.56934 -35.34573 0.00000 -0.77362 -0.07662 0.00000
28.35976 10.41843 -35.36064 0.00000 -0.77370 -0.07633 0.00000
28.37586 10.26750 -35.37551 0.00000 -0.77377 -0.07604 0.00000
28.39197 10.11657 -35.39031 0.00000 -0.77385 -0.07575 0.00000
28.40808 9.96563 -35.40506 0.00000 -0.77392 -0.07546 0.00000
28.42419 9.81468 -35.41975 0.00000 -0.77399 -0.07517 0.00000
28.44029 9.66372 -35.43438 0.00000 -0.77406 -0.07487 0.00000
28.45640 9.51276 -35.44895 0.00000 -0.77413 -0.07458 0.00000
28.47250 9.36178 -35.46347 0.00000 -0.77420 -0.07428 0.00000
28.48861 9.21080 -35.47792 0.00000 -0.77426 -0.07399 0.00000
28.50471 9.05980 -35.49232 0.00000 -0.77433 -0.07369 0.00000
28.52081 8.90880 -35.50666 0.00000 -0.77439 -0.07339 0.00000
28.53692 8.75780 -35.52095 0.00000 -0.77445 -0.07309 0.00000
28.55302 8.60678 -35.53517 0.00000 -0.77452 -0.07279 0.00000
28.56912 8.45576 -35.54933 0.00000 -0.77458 -0.07249 0.00000
28.58522 8.30473 -35.56344 0.00000 -0.77464 -0.07219 0.00000
28.60132 8.15369 -35.57748 0.00000 -0.77469 -0.07189 0.00000
28.61743 8.00265 -35.59147 0.00000 -0.77475 -0.07158 0.00000
28.63353 7.85160 -35.60539 0.00000 -0.77481 -0.07128 0.00000
28.64963 7.70054 -35.61926 0.00000 -0.77486 -0.07097 0.00000
28.66572 7.54948 -35.63307 0.00000 -0.77492 -0.07067 0.00000
28.68182 7.39841 -35.64681 0.00000 -0.77497 -0.07036 0.00000
28.69792 7.24733 -35.66050 0.00000 -0.77502 -0.07005 0.00000
28.71402 7.09625 -35.67412 0.00000 -0.77507 -0.06975 0.00000
28.73012 6.94516 -35.68769 0.00000 -0.77512 -0.06944 0.00000
28.74622 6.79407 -35.70119 0.00000 -0.77517 -0.06913 0.00000
28.76231 6.64297 -35.71464 0.00000 -0.77522 -0.06882 0.00000
28.77841 6.49187 -35.72802 0.00000 -0.77527 -0.06851 0.00000
28.79450 6.34076 -35.74134 0.00000 -0.77531 -0.06820 0.00000
28.81060 6.18965 -35.75460 0.00000 -0.77536 -0.06789 0.00000
28.82669 6.03854 -35.76780 0.00000 -0.77540 -0.06757 0.00000
28.84279 5.88741 -35.78094 0.00000 -0.77544 -0.06726 0.00000
28.85888 5.73629 -35.79402 0.00000 -0.77548 -0.06695 0.00000
28.87498 5.58516 -35.80704 0.00000 -0.77552 -0.06664 0.00000
28.89107 5.43403 -35.81999 0.00000 -0.77556 -0.06632 0.00000
28.90716 5.28289 -35.83289 0.00000 -0.77560 -0.06601 0.00000
28.92325 5.13175 -35.84572 0.00000 -0.77564 -0.06569 0.00000
28.93935 4.98061 -35.85849 0.00000 -0.77568 -0.06538 0.00000
28.95544 4.82947 -35.87120 0.00000 -0.77571 -0.06506 0.00000
28.97153 4.67832 -35.88384 0.00000 -0.77575 -0.06475 0.00000
28.98762 4.52717 -35.89643 0.00000 -0.77578 -0.06443 0.00000
29.00371 4.37602 -35.90895 0.00000 -0.77582 -0.06412 0.00000
29.01980 4.22486 -35.92141 0.00000 -0.77585 -0.06380 0.00000
29.03589 4.07371 -35.93381 0.00000 -0.77588 -0.06349 0.00000
29.05197 3.92255 -35.94615 0.00000 -0.77591 -0.06317 0.00000
29.06806 3.77139 -35.95842 0.00000 -0.77594 -0.06285 0.00000
29.08415 3.62023 -35.97064 0.00000 -0.77597 -0.06254 0.00000
29.10024 3.46907 -35.98279 0.00000 -0.77600 -0.06222 0.00000
29.11632 3.31791 -35.99488 0.00000 -0.77603 -0.06190 0.00000
29.13241 3.16675 -36.00690 0.00000 -0.77605 -0.06159 0.00000
29.14850 3.01559 -36.01887 0.00000 -0.77608 -0.06127 0.00000
29.16458 2.86442 -36.03077 0.00000 -0.77610 -0.06095 0.00000
29.18066 2.71326 -36.04261 0.00000 -0.77613 -0.06064 0.00000
29.19675 2.56210 -36.05439 0.00000 -0.77615 -0.06032 0.00000
29.21283 2.41094 -36.06611 0.00000 -0.77618 -0.06000 0.00000
29.22891 2.25978 -36.07776 0.00000 -0.77620 -0.05968 0.00000
29.24500 2.10862 -36.08935 0.00000 -0.77622 -0.05937 0.00000
29.26108 1.95746 -36.10088 0.00000 -0.77624 -0.05905 0.00000
29.27716 1.80631 -36.11235 0.00000 -0.77626 -0.05874 0.00000
29.29324 1.65515 -36.12376 0.00000 -0.77628 -0.05842 0.00000
29.30932 1.50400 -36.13510 0.00000 -0.77630 -0.05810 0.00000
29.32540 1.35285 -36.14639 0.00000 -0.77632 -0.05779 0.00000
29.34148 1.20170 -36.15761 0.00000 -0.77634 -0.05747 0.00000
29.35756 1.05056 -36.16877 0.00000 -0.77635 -0.05716 0.00000
29.37363 0.89941 -36.17986 0.00000 -0.77637 -0.05684 0.00000
29.38971 0.74827 -36.19090 0.00000 -0.77638 -0.05653 0.00000
29.40578 0.59714 -36.20187 0.00000 -0.77640 -0.05622 0.00000
29.42186 0.44601 -36.21278 0.00000 -0.77642 -0.05590 0.00000
29.43793 0.29488 -36.22363 0.00000 -0.77643 -0.05559 0.00000
29.45401 0.14375 -36.23442 0.00000 -0.77644 -0.05528 0.00000
29.47008 -0.00737 -36.24515 0.00000 -0.77646 -0.05496 0.00000
29.48615 -0.15849 -36.25582 0.00000 -0.77647 -0.05465 0.00000
29.50223 -0.30960 -36.26643 0.00000 -0.77648 -0.05434 0.00000
29.51830 -0.46071 -36.27697 0.00000 -0.77649 -0.05403 0.00000
29.53437 -0.61181 -36.28745 0.00000 -0.77651 -0.05372 0.00000
29.55044 -0.76291 -36.29788 0.00000 -0.77652 -0.05341 0.00000
29.56650 -0.91400 -36.30824 0.00000 -0.77653 -0.05310 0.00000
29.58257 -1.06509 -36.31854 0.00000 -0.77654 -0.05279 0.00000
29.59864 -1.21617 -36.32878 0.00000 -0.77655 -0.05249 0.00000
29.61471 -1.36724 -36.33896 0.00000 -0.77656 -0.05218 0.00000
29.63077 -1.51831 -36.34908 0.00000 -0.77657 -0.05187 0.00000
29.64684 -1.66937 -36.35915 0.00000 -0.77658 -0.05157 0.00000
29.66290 -1.82043 -36.36915 0.00000 -0.77659 -0.05126 0.00000
29.67896 -1.97148 -36.37909 0.00000 -0.77659 -0.05096 0.00000
29.69502 -2.12252 -36.38897 0.00000 -0.77660 -0.05065 0.00000
29.71108 -2.27356 -36.39879 0.00000 -0.77661 -0.05035 0.00000
29.72714 -2.42458 -36.40855 0.00000 -0.77662 -0.05005 0.00000
29.74320 -2.57560 -36.41826 0.00000 -0.77662 -0.04975 0.00000
29.75926 -2.72662 -36.42790 0.00000 -0.77663 -0.04945 0.00000
29.77532 -2.87762 -36.43749 0.00000 -0.77664 -0.04915 0.00000
29.79137 -3.02862 -36.44701 0.00000 -0.77665 -0.04885 0.00000
29.80743 -3.17960 -36.45648 0.00000 -0.77665 -0.04855 0.00000
29.82348 -3.33058 -36.46589 0.00000 -0.77666 -0.04826 0.00000
29.83953 -3.48155 -36.47524 0.00000 -0.77666 -0.04796 0.00000
29.85559 -3.63252 -36.48453 0.00000 -0.77667 -0.04767 0.00000
29.87164 -3.78347 -36.49377 0.00000 -0.77668 -0.04737 0.00000
29.88769 -3.93441 -36.50295 0.00000 -0.77668 -0.04708 0.00000
29.90373 -4.08535 -36.51207 0.00000 -0.77669 -0.04679 0.00000
29.91978 -4.23627 -36.52113 0.00000 -0.77669 -0.04650 0.00000
29.93583 -4.38718 -36.53014 0.00000 -0.77670 -0.04621 0.00000
29.95187 -4.53809 -36.53909 0.00000 -0.77671 -0.04592 0.00000
29.96792 -4.68898 -36.54798 0.00000 -0.77671 -0.04563 0.00000
29.98396 -4.83987 -36.55681 0.00000 -0.77672 -0.04534 0.00000
30.00000 -4.99074 -36.56559 0.00000 -0.77672 -0.04506 0.00000
