# schwarzschild M=1.0  samples=645  duration=28.0s
# up 0.000000 -0.800000 0.600000
0.00000 -33.74748 2.24512 2.99350 0.28623 0.05384 0.07179
0.04348 -33.65065 2.26333 3.01777 0.28647 0.05382 0.07176
0.08696 -33.55373 2.28152 3.04203 0.28670 0.05379 0.07173
0.13043 -33.45672 2.29971 3.06628 0.28694 0.05377 0.07169
0.17391 -33.35962 2.31790 3.09053 0.28718 0.05374 0.07166
0.21739 -33.26243 2.33607 3.11477 0.28742 0.05372 0.07162
0.26087 -33.16514 2.35425 3.13899 0.28767 0.05369 0.07159
0.30435 -33.06775 2.37241 3.16321 0.28791 0.05367 0.07155
0.34783 -32.97028 2.39057 3.18742 0.28816 0.05364 0.07152
0.39130 -32.87270 2.40872 3.21162 0.28840 0.05361 0.07148
0.43478 -32.77504 2.42686 3.23582 0.28865 0.05358 0.07145
0.47826 -32.67727 2.44500 3.26000 0.28890 0.05356 0.07141
0.52174 -32.57941 2.46313 3.28417 0.28915 0.05353 0.07137
0.56522 -32.48145 2.48125 3.30833 0.28940 0.05350 0.07133
0.60870 -32.38339 2.49936 3.33248 0.28966 0.05347 0.07129
0.65217 -32.28524 2.51747 3.35663 0.28991 0.05344 0.07126
0.69565 -32.18698 2.53557 3.38076 0.29017 0.05341 0.07122
0.73913 -32.08863 2.55366 3.40488 0.29043 0.05338 0.07118
0.78261 -31.99018 2.57174 3.42899 0.29068 0.05335 0.07113
0.82609 -31.89162 2.58982 3.45309 0.29095 0.05332 0.07109
0.86957 -31.79296 2.60788 3.47718 0.29121 0.05329 0.07105
0.91304 -31.69420 2.62594 3.50126 0.29147 0.05326 0.07101
0.95652 -31.59534 2.64399 3.52532 0.29174 0.05322 0.07097
1.00000 -31.49638 2.66203 3.54938 0.29200 0.05319 0.07092
1.04348 -31.39731 2.68007 3.57342 0.29227 0.05316 0.07088
1.08696 -31.29814 2.69809 3.59745 0.29254 0.05312 0.07083
1.13043 -31.19886 2.71610 3.62147 0.29281 0.05309 0.07079
1.17391 -31.09947 2.73411 3.64548 0.29308 0.05306 0.07074
1.21739 -30.99998 2.75211 3.66947 0.29336 0.05302 0.07069
1.26087 -30.90038 2.77009 3.69346 0.29363 0.05298 0.07065
1.30435 -30.80068 2.78807 3.71743 0.29391 0.05295 0.07060
1.34783 -30.70086 2.80604 3.74138 0.29419 0.05291 0.07055
1.39130 -30.60094 2.82399 3.76532 0.29447 0.05287 0.07050
1.43478 -30.50091 2.84194 3.78925 0.29475 0.05284 0.07045
1.47826 -30.40076 2.85988 3.81317 0.29504 0.05280 0.07040
1.52174 -30.30051 2.87780 3.83707 0.29532 0.05276 0.07035
1.56522 -30.20014 2.89572 3.86096 0.29561 0.05272 0.07029
1.60870 -30.09966 2.91362 3.88483 0.29590 0.05268 0.07024
1.65217 -29.99907 2.93152 3.90869 0.29619 0.05264 0.07019
1.69565 -29.89836 2.94940 3.93253 0.29648 0.05260 0.07013
1.73913 -29.79754 2.96727 3.95636 0.29678 0.05256 0.07008
1.78261 -29.69660 2.98513 3.98017 0.29707 0.05252 0.07002
1.82609 -29.59555 3.00298 4.00397 0.29737 0.05247 0.06997
1.86957 -29.49438 3.02081 4.02775 0.29767 0.05243 0.06991
1.91304 -29.39309 3.03864 4.05152 0.29797 0.05239 0.06985
1.95652 -29.29169 3.05645 4.07527 0.29828 0.05234 0.06979
2.00000 -29.19016 3.07425 4.09900 0.29858 0.05230 0.06973
2.04348 -29.08851 3.09204 4.12271 0.29889 0.05225 0.06967
2.08696 -28.98675 3.10981 4.14641 0.29920 0.05221 0.06961
2.13043 -28.88486 3.12757 4.17009 0.29951 0.05216 0.06954
2.17391 -28.78285 3.14532 4.19376 0.29982 0.05211 0.06948
2.21739 -28.68071 3.16305 4.21740 0.30013 0.05206 0.06942
2.26087 -28.57846 3.18077 4.24103 0.30045 0.05201 0.06935
2.30435 -28.47607 3.19848 4.26464 0.30077 0.05196 0.06928
2.34783 -28.37356 3.21617 4.28823 0.30109 0.05191 0.06922
2.39130 -28.27093 3.23385 4.31180 0.30141 0.05186 0.06915
2.43478 -28.16817 3.25151 4.33535 0.30174 0.05181 0.06908
2.47826 -28.06527 3.26916 4.35888 0.30206 0.05176 0.06901
2.52174 -27.96225 3.28679 4.38239 0.30239 0.05170 0.06894
2.56522 -27.85910 3.30441 4.40588 0.30272 0.05165 0.06887
2.60870 -27.75582 3.32202 4.42935 0.30306 0.05160 0.06879
2.65217 -27.65241 3.33960 4.45280 0.30339 0.05154 0.06872
2.69565 -27.54886 3.35717 4.47623 0.30373 0.05148 0.06864
2.73913 -27.44518 3.37473 4.49964 0.30407 0.05143 0.06857
2.78261 -27.34137 3.39227 4.52302 0.30441 0.05137 0.06849
2.82609 -27.23742 3.40979 4.54638 0.30475 0.05131 0.06841
2.86957 -27.13333 3.42729 4.56972 0.30510 0.05125 0.06833
2.91304 -27.02911 3.44478 4.59304 0.30545 0.05119 0.06825
2.95652 -26.92475 3.46225 4.61633 0.30580 0.05113 0.06817
3.00000 -26.82025 3.47970 4.63960 0.30615 0.05107 0.06809
3.04348 -26.71560 3.49713 4.66284 0.30651 0.05100 0.06800
3.08696 -26.61082 3.51455 4.68606 0.30686 0.05094 0.06792
3.13043 -26.50590 3.53194 4.70926 0.30722 0.05087 0.06783
3.17391 -26.40083 3.54932 4.73243 0.30759 0.05081 0.06774
3.21739 -26.29561 3.56668 4.75557 0.30795 0.05074 0.06765
3.26087 -26.19025 3.58401 4.77869 0.30832 0.05067 0.06756
3.30435 -26.08475 3.60133 4.80178 0.30869 0.05060 0.06747
3.34783 -25.97910 3.61863 4.82484 0.30906 0.05053 0.06738
3.39130 -25.87329 3.63591 4.84787 0.30943 0.05046 0.06728
3.43478 -25.76734 3.65316 4.87088 0.30981 0.05039 0.06719
3.47826 -25.66124 3.67039 4.89386 0.31019 0.05032 0.06709
3.52174 -25.55498 3.68761 4.91681 0.31057 0.05024 0.06699
3.56522 -25.44858 3.70480 4.93973 0.31096 0.05017 0.06689
3.60870 -25.34201 3.72196 4.96262 0.31135 0.05009 0.06679
3.65217 -25.23530 3.73911 4.98548 0.31174 0.05001 0.06668
3.69565 -25.12842 3.75623 5.00831 0.31213 0.04993 0.06658
3.73913 -25.02139 3.77333 5.03110 0.31253 0.04985 0.06647
3.78261 -24.91420 3.79040 5.05387 0.31292 0.04977 0.06636
3.82609 -24.80685 3.80745 5.07660 0.31333 0.04969 0.06625
3.86957 -24.69933 3.82448 5.09930 0.31373 0.04961 0.06614
3.91304 -24.59166 3.84148 5.12197 0.31414 0.04952 0.06603
3.95652 -24.48382 3.85845 5.14460 0.31455 0.04943 0.06591
4.00000 -24.37581 3.87540 5.16720 0.31496 0.04935 0.06580
4.04348 -24.26764 3.89232 5.18976 0.31538 0.04926 0.06568
4.08696 -24.15930 3.90921 5.21228 0.31580 0.04917 0.06556
4.13043 -24.05079 3.92608 5.23477 0.31622 0.04908 0.06543
4.17391 -23.94211 3.94292 5.25723 0.31664 0.04898 0.06531
4.21739 -23.83326 3.95973 5.27964 0.31707 0.04889 0.06518
4.26087 -23.72424 3.97651 5.30202 0.31750 0.04879 0.06506
4.30435 -23.61504 3.99327 5.32435 0.31794 0.04869 0.06493
4.34783 -23.50566 4.00999 5.34665 0.31837 0.04860 0.06479
4.39130 -23.39611 4.02668 5.36891 0.31881 0.04850 0.06466
4.43478 -23.28638 4.04334 5.39113 0.31926 0.04839 0.06452
4.47826 -23.17647 4.05998 5.41330 0.31971 0.04829 0.06439
4.52174 -23.06638 4.07657 5.43543 0.32016 0.04818 0.06425
4.56522 -22.95610 4.09314 5.45752 0.32061 0.04808 0.06410
4.60870 -22.84564 4.10967 5.47957 0.32107 0.04797 0.06396
4.65217 -22.73499 4.12617 5.50157 0.32153 0.04786 0.06381
4.69565 -22.62416 4.14264 5.52352 0.32199 0.04775 0.06366
4.73913 -22.51313 4.15907 5.54543 0.32246 0.04763 0.06351
4.78261 -22.40192 4.17547 5.56729 0.32293 0.04752 0.06335
4.82609 -22.29051 4.19183 5.58910 0.32341 0.04740 0.06320
4.86957 -22.17891 4.20815 5.61087 0.32389 0.04728 0.06304
4.91304 -22.06711 4.22444 5.63258 0.32437 0.04716 0.06288
4.95652 -21.95511 4.24069 5.65425 0.32485 0.04703 0.06271
5.00000 -21.84292 4.25690 5.67586 0.32534 0.04691 0.06254
5.04348 -21.73052 4.27307 5.69742 0.32584 0.04678 0.06237
5.08696 -21.61792 4.28920 5.71893 0.32634 0.04665 0.06220
5.13043 -21.50512 4.30529 5.74039 0.32684 0.04652 0.06203
5.17391 -21.39211 4.32134 5.76179 0.32734 0.04639 0.06185
5.21739 -21.27889 4.33735 5.78313 0.32785 0.04625 0.06167
5.26087 -21.16546 4.35331 5.80442 0.32836 0.04611 0.06148
5.30435 -21.05183 4.36923 5.82564 0.32888 0.04597 0.06129
5.34783 -20.93797 4.38511 5.84681 0.32940 0.04583 0.06110
5.39130 -20.82391 4.40094 5.86792 0.32993 0.04568 0.06091
5.43478 -20.70962 4.41673 5.88897 0.33046 0.04553 0.06071
5.47826 -20.59512 4.43247 5.90995 0.33099 0.04538 0.06051
5.52174 -20.48039 4.44816 5.93088 0.33153 0.04523 0.06031
5.56522 -20.36544 4.46380 5.95173 0.33207 0.04508 0.06010
5.60870 -20.25027 4.47939 5.97252 0.33262 0.04492 0.05989
5.65217 -20.13487 4.49494 5.99325 0.33317 0.04476 0.05968
5.69565 -20.01924 4.51043 6.01390 0.33373 0.04459 0.05946
5.73913 -19.90337 4.52587 6.03449 0.33429 0.04443 0.05924
5.78261 -19.78728 4.54125 6.05501 0.33486 0.04426 0.05901
5.82609 -19.67095 4.55659 6.07545 0.33543 0.04408 0.05878
5.86957 -19.55438 4.57186 6.09582 0.33600 0.04391 0.05855
5.91304 -19.43757 4.58709 6.11611 0.33658 0.04373 0.05831
5.95652 -19.32051 4.60225 6.13633 0.33717 0.04355 0.05807
6.00000 -19.20321 4.61735 6.15647 0.33776 0.04337 0.05782
6.04348 -19.08567 4.63240 6.17653 0.33835 0.04318 0.05757
6.08696 -18.96788 4.64739 6.19652 0.33895 0.04299 0.05732
6.13043 -18.84983 4.66231 6.21641 0.33955 0.04279 0.05706
6.17391 -18.73153 4.67717 6.23623 0.34016 0.04259 0.05679
6.21739 -18.61297 4.69197 6.25596 0.34078 0.04239 0.05652
6.26087 -18.49415 4.70670 6.27560 0.34140 0.04219 0.05625
6.30435 -18.37507 4.72136 6.29515 0.34202 0.04198 0.05597
6.34783 -18.25573 4.73596 6.31461 0.34265 0.04176 0.05569
6.39130 -18.13612 4.75049 6.33398 0.34329 0.04155 0.05540
6.43478 -18.01624 4.76495 6.35326 0.34393 0.04133 0.05510
6.47826 -17.89609 4.77933 6.37244 0.34458 0.04110 0.05480
6.52174 -17.77566 4.79364 6.39152 0.34523 0.04087 0.05450
6.56522 -17.65496 4.80788 6.41050 0.34589 0.04064 0.05419
6.60870 -17.53397 4.82204 6.42938 0.34656 0.04040 0.05387
6.65217 -17.41270 4.83612 6.44816 0.34723 0.04016 0.05355
6.69565 -17.29115 4.85012 6.46683 0.34790 0.03991 0.05322
6.73913 -17.16930 4.86405 6.48539 0.34858 0.03966 0.05288
6.78261 -17.04717 4.87788 6.50385 0.34927 0.03941 0.05254
6.82609 -16.92474 4.89164 6.52218 0.34997 0.03915 0.05219
6.86957 -16.80201 4.90531 6.54041 0.35067 0.03888 0.05184
6.91304 -16.67897 4.91889 6.55852 0.35137 0.03861 0.05148
6.95652 -16.55564 4.93238 6.57650 0.35209 0.03833 0.05111
7.00000 -16.43199 4.94578 6.59437 0.35281 0.03805 0.05074
7.04348 -16.30804 4.95908 6.61211 0.35353 0.03776 0.05035
7.08696 -16.18377 4.97229 6.62972 0.35426 0.03747 0.04996
7.13043 -16.05919 4.98540 6.64720 0.35500 0.03717 0.04956
7.17391 -15.93428 4.99841 6.66455 0.35575 0.03687 0.04916
7.21739 -15.80905 5.01132 6.68177 0.35650 0.03656 0.04874
7.26087 -15.68349 5.02413 6.69884 0.35726 0.03624 0.04832
7.30435 -15.55760 5.03683 6.71578 0.35803 0.03592 0.04789
7.34783 -15.43137 5.04942 6.73257 0.35880 0.03559 0.04745
7.39130 -15.30481 5.06191 6.74921 0.35958 0.03525 0.04700
7.43478 -15.17790 5.07427 6.76570 0.36037 0.03491 0.04655
7.47826 -15.05065 5.08653 6.78203 0.36116 0.03456 0.04608
7.52174 -14.92305 5.09866 6.79821 0.36196 0.03420 0.04560
7.56522 -14.79509 5.11067 6.81423 0.36277 0.03384 0.04512
7.60870 -14.66678 5.12256 6.83008 0.36359 0.03347 0.04462
7.65217 -14.53810 5.13433 6.84577 0.36441 0.03309 0.04411
7.69565 -14.40906 5.14596 6.86128 0.36524 0.03270 0.04360
7.73913 -14.27965 5.15746 6.87662 0.36608 0.03230 0.04307
7.78261 -14.14986 5.16883 6.89177 0.36693 0.03190 0.04253
7.82609 -14.01970 5.18006 6.90675 0.36778 0.03148 0.04198
7.86957 -13.88916 5.19115 6.92153 0.36865 0.03106 0.04142
7.91304 -13.75822 5.20209 6.93612 0.36952 0.03063 0.04084
7.95652 -13.62690 5.21288 6.95051 0.37039 0.03019 0.04025
8.00000 -13.49518 5.22353 6.96470 0.37128 0.02974 0.03965
8.04348 -13.36306 5.23402 6.97869 0.37217 0.02928 0.03904
8.08696 -13.23054 5.24435 6.99246 0.37308 0.02881 0.03841
8.13043 -13.09760 5.25452 7.00602 0.37399 0.02833 0.03777
8.17391 -12.96426 5.26452 7.01936 0.37491 0.02784 0.03712
8.21739 -12.83049 5.27435 7.03247 0.37583 0.02734 0.03645
8.26087 -12.69630 5.28401 7.04534 0.37677 0.02682 0.03576
8.30435 -12.56168 5.29348 7.05798 0.37771 0.02630 0.03506
8.34783 -12.42662 5.30278 7.07037 0.37866 0.02576 0.03435
8.39130 -12.29113 5.31189 7.08252 0.37962 0.02521 0.03362
8.43478 -12.15519 5.32081 7.09441 0.38059 0.02465 0.03287
8.47826 -12.01880 5.32953 7.10603 0.38157 0.02408 0.03210
8.52174 -11.88196 5.33804 7.11739 0.38256 0.02349 0.03132
8.56522 -11.74466 5.34635 7.12847 0.38355 0.02289 0.03051
8.60870 -11.60689 5.35445 7.13927 0.38456 0.02227 0.02969
8.65217 -11.46866 5.36234 7.14978 0.38557 0.02164 0.02885
8.69565 -11.32994 5.36999 7.15999 0.38659 0.02099 0.02799
8.73913 -11.19074 5.37742 7.16990 0.38762 0.02033 0.02711
8.78261 -11.05106 5.38462 7.17949 0.38866 0.01965 0.02621
8.82609 -10.91088 5.39158 7.18877 0.38970 0.01896 0.02528
8.86957 -10.77020 5.39828 7.19771 0.39076 0.01825 0.02434
8.91304 -10.62901 5.40474 7.20632 0.39182 0.01752 0.02337
8.95652 -10.48732 5.41093 7.21458 0.39289 0.01678 0.02237
9.00000 -10.34510 5.41686 7.22248 0.39397 0.01601 0.02135
9.04348 -10.20236 5.42251 7.23002 0.39506 0.01523 0.02031
9.08696 -10.05910 5.42789 7.23718 0.39615 0.01443 0.01924
9.13043 -9.91529 5.43297 7.24396 0.39726 0.01361 0.01814
9.17391 -9.77094 5.43775 7.25034 0.39837 0.01276 0.01702
9.21739 -9.62605 5.44223 7.25631 0.39949 0.01190 0.01586
9.26087 -9.48060 5.44640 7.26186 0.40061 0.01101 0.01468
9.30435 -9.33458 5.45024 7.26699 0.40175 0.01010 0.01347
9.34783 -9.18800 5.45375 7.27167 0.40289 0.00917 0.01222
9.39130 -9.04085 5.45692 7.27589 0.40404 0.00821 0.01095
9.43478 -8.89311 5.45974 7.27965 0.40519 0.00723 0.00964
9.47826 -8.74479 5.46220 7.28293 0.40635 0.00622 0.00829
9.52174 -8.59587 5.46429 7.28571 0.40752 0.00518 0.00691
9.56522 -8.44635 5.46599 7.28799 0.40869 0.00412 0.00549
9.60870 -8.29623 5.46730 7.28974 0.40986 0.00303 0.00404
9.65217 -8.14549 5.46821 7.29095 0.41104 0.00191 0.00255
9.69565 -7.99413 5.46870 7.29160 0.41223 0.00076 0.00101
9.73913 -7.84214 5.46877 7.29169 0.41342 -0.00042 -0.00056
9.78261 -7.68952 5.46839 7.29118 0.41461 -0.00164 -0.00218
9.82609 -7.53626 5.46755 7.29007 0.41581 -0.00289 -0.00385
9.86957 -7.38235 5.46625 7.28833 0.41700 -0.00417 -0.00556
9.91304 -7.22780 5.46446 7.28595 0.41820 -0.00549 -0.00731
9.95652 -7.07258 5.46218 7.28291 0.41939 -0.00684 -0.00912
10.00000 -6.91670 5.45939 7.27918 0.42059 -0.00823 -0.01098
10.04348 -6.76015 5.45606 7.27475 0.42179 -0.00966 -0.01289
10.08696 -6.60292 5.45219 7.26959 0.42298 -0.01114 -0.01485
10.13043 -6.44502 5.44776 7.26368 0.42416 -0.01265 -0.01687
10.17391 -6.28643 5.44274 7.25699 0.42535 -0.01421 -0.01894
10.21739 -6.12714 5.43713 7.24951 0.42652 -0.01581 -0.02108
10.26087 -5.96716 5.43090 7.24121 0.42769 -0.01746 -0.02328
10.30435 -5.80648 5.42404 7.23205 0.42885 -0.01915 -0.02554
10.34783 -5.64510 5.41651 7.22202 0.43000 -0.02090 -0.02786
10.39130 -5.48301 5.40831 7.21108 0.43113 -0.02269 -0.03026
10.43478 -5.32020 5.39941 7.19921 0.43226 -0.02454 -0.03272
10.47826 -5.15669 5.38978 7.18637 0.43336 -0.02644 -0.03526
10.52174 -4.99245 5.37940 7.17253 0.43445 -0.02840 -0.03787
10.56522 -4.82750 5.36825 7.15767 0.43551 -0.03042 -0.04055
10.60870 -4.66184 5.35630 7.14173 0.43655 -0.03249 -0.04332
10.65217 -4.49545 5.34353 7.12470 0.43756 -0.03463 -0.04617
10.69565 -4.32835 5.32990 7.10654 0.43855 -0.03683 -0.04910
10.73913 -4.16053 5.31539 7.08719 0.43950 -0.03909 -0.05212
10.78261 -3.99200 5.29998 7.06663 0.44042 -0.04142 -0.05523
10.82609 -3.82276 5.28362 7.04482 0.44130 -0.04382 -0.05843
10.86957 -3.65282 5.26628 7.02171 0.44213 -0.04630 -0.06173
10.91304 -3.48217 5.24794 6.99725 0.44292 -0.04884 -0.06512
10.95652 -3.31084 5.22856 6.97141 0.44366 -0.05146 -0.06862
11.00000 -3.13883 5.20810 6.94413 0.44434 -0.05416 -0.07222
11.04348 -2.96614 5.18653 6.91537 0.44495 -0.05694 -0.07593
11.08696 -2.79280 5.16380 6.88507 0.44551 -0.05981 -0.07974
11.13043 -2.61881 5.13989 6.85318 0.44599 -0.06275 -0.08367
11.17391 -2.44419 5.11474 6.81965 0.44639 -0.06579 -0.08771
11.21739 -2.26897 5.08831 6.78442 0.44671 -0.06891 -0.09188
11.26087 -2.09315 5.06057 6.74743 0.44693 -0.07212 -0.09616
11.30435 -1.91678 5.03147 6.70862 0.44706 -0.07542 -0.10057
11.34783 -1.73986 5.00095 6.66793 0.44708 -0.07882 -0.10510
11.39130 -1.56244 4.96898 6.62530 0.44699 -0.08232 -0.10976
11.43478 -1.38455 4.93549 6.58066 0.44678 -0.08592 -0.11456
11.47826 -1.20622 4.90045 6.53394 0.44643 -0.08961 -0.11948
11.52174 -1.02749 4.86380 6.48507 0.44594 -0.09341 -0.12455
11.56522 -0.84841 4.82548 6.43397 0.44530 -0.09731 -0.12975
11.60870 -0.66903 4.78544 6.38059 0.44450 -0.10132 -0.13509
11.65217 -0.48940 4.74362 6.32483 0.44352 -0.10543 -0.14058
11.69565 -0.30958 4.69997 6.26663 0.44236 -0.10965 -0.14620
11.73913 -0.12964 4.65442 6.20589 0.44100 -0.11398 -0.15197
11.78261 0.05036 4.60692 6.14255 0.43943 -0.11841 -0.15788
11.82609 0.23034 4.55739 6.07652 0.43763 -0.12295 -0.16394
11.86957 0.41020 4.50579 6.00772 0.43560 -0.12760 -0.17013
11.91304 0.58988 4.45204 5.93606 0.43331 -0.13235 -0.17647
11.95652 0.76926 4.39609 5.86145 0.43076 -0.13721 -0.18295
12.00000 0.94824 4.33786 5.78381 0.42792 -0.14217 -0.18956
12.04348 1.12671 4.27729 5.70306 0.42479 -0.14723 -0.19631
12.08696 1.30454 4.21433 5.61910 0.42133 -0.15239 -0.20319
12.13043 1.48161 4.14889 5.53186 0.41755 -0.15764 -0.21019
12.17391 1.65778 4.08093 5.44123 0.41341 -0.16298 -0.21731
12.21739 1.83289 4.01037 5.34715 0.40891 -0.16840 -0.22453
12.26087 2.00679 3.93715 5.24953 0.40402 -0.17390 -0.23187
12.30435 2.17930 3.86122 5.14829 0.39873 -0.17947 -0.23929
12.34783 2.35025 3.78251 5.04335 0.39301 -0.18510 -0.24680
12.39130 2.51943 3.70098 4.93464 0.38686 -0.19078 -0.25438
12.43478 2.68666 3.61656 4.82208 0.38026 -0.19651 -0.26201
12.47826 2.85170 3.52921 4.70562 0.37318 -0.20227 -0.26969
12.52174 3.01434 3.43889 4.58519 0.36561 -0.20805 -0.27740
12.56522 3.17434 3.34556 4.46075 0.35754 -0.21383 -0.28511
12.60870 3.33145 3.24918 4.33224 0.34895 -0.21961 -0.29281
12.65217 3.48541 3.14973 4.19964 0.33983 -0.22536 -0.30048
12.69565 3.63594 3.04719 4.06291 0.33016 -0.23108 -0.30810
12.73913 3.78277 2.94154 3.92205 0.31994 -0.23674 -0.31565
12.78261 3.92560 2.83278 3.77705 0.30916 -0.24232 -0.32309
12.82609 4.06413 2.72093 3.62791 0.29781 -0.24780 -0.33040
12.86957 4.19806 2.60599 3.47466 0.28588 -0.25317 -0.33756
12.91304 4.32706 2.48800 3.31734 0.27338 -0.25840 -0.34453
12.95652 4.45082 2.36700 3.15600 0.26030 -0.26347 -0.35129
13.00000 4.56900 2.24303 2.99070 0.24665 -0.26836 -0.35781
13.04348 4.68128 2.11616 2.82155 0.23244 -0.27304 -0.36405
13.08696 4.78732 1.98647 2.64863 0.21767 -0.27748 -0.36998
13.13043 4.88679 1.85406 2.47208 0.20235 -0.28168 -0.37557
13.17391 4.97936 1.71904 2.29205 0.18651 -0.28559 -0.38079
13.21739 5.06471 1.58151 2.10869 0.17017 -0.28920 -0.38560
13.26087 5.14251 1.44164 1.92218 0.15334 -0.29249 -0.38998
13.30435 5.21245 1.29956 1.73275 0.13606 -0.29542 -0.39390
13.34783 5.27424 1.15545 1.54060 0.11835 -0.29799 -0.39731
13.39130 5.32759 1.00949 1.34599 0.10025 -0.30016 -0.40021
13.43478 5.37223 0.86189 1.14918 0.08180 -0.30192 -0.40255
13.47826 5.40791 0.71284 0.95046 0.06304 -0.30325 -0.40433
13.52174 5.43439 0.56259 0.75012 0.04402 -0.30413 -0.40550
13.56522 5.45149 0.41136 0.54848 0.02477 -0.30455 -0.40607
13.60870 5.45900 0.25941 0.34588 0.00535 -0.30450 -0.40600
13.65217 5.45679 0.10700 0.14267 -0.01419 -0.30397 -0.40529
13.69565 5.44473 -0.04560 -0.06080 -0.03379 -0.30294 -0.40392
13.73913 5.42272 -0.19812 -0.26416 -0.05340 -0.30142 -0.40190
13.78261 5.39072 -0.35027 -0.46703 -0.07297 -0.29941 -0.39921
13.82609 5.34869 -0.50177 -0.66903 -0.09245 -0.29689 -0.39586
13.86957 5.29664 -0.65234 -0.86978 -0.11176 -0.29389 -0.39185
13.91304 5.23463 -0.80167 -1.06889 -0.13086 -0.29039 -0.38719
13.95652 5.16272 -0.94949 -1.26598 -0.14970 -0.28642 -0.38190
14.00000 5.08104 -1.09551 -1.46068 -0.16823 -0.28199 -0.37598
14.04348 4.98974 -1.23945 -1.65261 -0.18638 -0.27710 -0.36947
14.08696 4.88899 -1.38106 -1.84141 -0.20411 -0.27178 -0.36237
14.13043 4.77902 -1.52005 -2.02673 -0.22139 -0.26604 -0.35472
14.17391 4.66006 -1.65619 -2.20825 -0.23815 -0.25991 -0.34655
14.21739 4.53239 -1.78923 -2.38564 -0.25438 -0.25341 -0.33788
14.26087 4.39632 -1.91895 -2.55860 -0.27002 -0.24656 -0.32875
14.30435 4.25216 -2.04515 -2.72687 -0.28505 -0.23940 -0.31919
14.34783 4.10027 -2.16763 -2.89017 -0.29944 -0.23194 -0.30925
14.39130 3.94100 -2.28620 -3.04827 -0.31317 -0.22421 -0.29895
14.43478 3.77475 -2.40073 -3.20097 -0.32622 -0.21626 -0.28834
14.47826 3.60189 -2.51106 -3.34807 -0.33857 -0.20809 -0.27746
14.52174 3.42284 -2.61707 -3.48942 -0.35022 -0.19975 -0.26634
14.56522 3.23800 -2.71865 -3.62487 -0.36115 -0.19127 -0.25503
14.60870 3.04780 -2.81574 -3.75432 -0.37137 -0.18267 -0.24355
14.65217 2.85264 -2.90825 -3.87767 -0.38087 -0.17397 -0.23196
14.69565 2.65296 -2.99614 -3.99486 -0.38967 -0.16522 -0.22029
14.73913 2.44915 -3.07938 -4.10585 -0.39776 -0.15643 -0.20857
14.78261 2.24163 -3.15796 -4.21061 -0.40517 -0.14763 -0.19684
14.82609 2.03080 -3.23187 -4.30916 -0.41191 -0.13885 -0.18513
14.86957 1.81704 -3.30113 -4.40151 -0.41799 -0.13010 -0.17346
14.91304 1.60074 -3.36577 -4.48770 -0.42343 -0.12141 -0.16188
14.95652 1.38227 -3.42584 -4.56779 -0.42825 -0.11280 -0.15039
15.00000 1.16196 -3.48139 -4.64186 -0.43248 -0.10428 -0.13904
15.04348 0.94018 -3.53249 -4.70998 -0.43615 -0.09588 -0.12783
15.08696 0.71722 -3.57921 -4.77228 -0.43927 -0.08760 -0.11680
15.13043 0.49340 -3.62163 -4.82884 -0.44187 -0.07946 -0.10595
15.17391 0.26901 -3.65986 -4.87981 -0.44398 -0.07148 -0.09531
15.21739 0.04432 -3.69398 -4.92531 -0.44562 -0.06366 -0.08488
15.26087 -0.18043 -3.72411 -4.96548 -0.44683 -0.05601 -0.07468
15.30435 -0.40498 -3.75035 -5.00047 -0.44762 -0.04854 -0.06472
15.34783 -0.62914 -3.77281 -5.03042 -0.44803 -0.04125 -0.05500
15.39130 -0.85268 -3.79162 -5.05549 -0.44808 -0.03416 -0.04554
15.43478 -1.07542 -3.80688 -5.07584 -0.44780 -0.02725 -0.03634
15.47826 -1.29720 -3.81872 -5.09162 -0.44721 -0.02055 -0.02740
15.52174 -1.51786 -3.82725 -5.10300 -0.44633 -0.01404 -0.01872
15.56522 -1.73726 -3.83260 -5.11013 -0.44519 -0.00773 -0.01030
15.60870 -1.95527 -3.83488 -5.11317 -0.44382 -0.00161 -0.00215
15.65217 -2.17177 -3.83421 -5.11229 -0.44222 0.00431 0.00574
15.69565 -2.38668 -3.83072 -5.10762 -0.44042 0.01003 0.01337
15.73913 -2.59989 -3.82450 -5.09934 -0.43845 0.01556 0.02074
15.78261 -2.81133 -3.81569 -5.08758 -0.43631 0.02090 0.02786
15.82609 -3.02094 -3.80437 -5.07250 -0.43403 0.02605 0.03473
15.86957 -3.22865 -3.79068 -5.05423 -0.43162 0.03102 0.04136
15.91304 -3.43442 -3.77469 -5.03293 -0.42909 0.03581 0.04774
15.95652 -3.63821 -3.75653 -5.00871 -0.42647 0.04042 0.05389
16.00000 -3.83998 -3.73629 -4.98172 -0.42375 0.04486 0.05981
16.04348 -4.03971 -3.71406 -4.95208 -0.42096 0.04914 0.06552
16.08696 -4.23737 -3.68993 -4.91991 -0.41811 0.05325 0.07100
16.13043 -4.43297 -3.66400 -4.88534 -0.41521 0.05721 0.07627
16.17391 -4.62649 -3.63635 -4.84847 -0.41226 0.06101 0.08135
16.21739 -4.81792 -3.60706 -4.80941 -0.40927 0.06467 0.08622
16.26087 -5.00727 -3.57621 -4.76828 -0.40626 0.06818 0.09091
16.30435 -5.19454 -3.54388 -4.72517 -0.40323 0.07156 0.09541
16.34783 -5.37975 -3.51014 -4.68018 -0.40018 0.07480 0.09973
16.39130 -5.56290 -3.47505 -4.63340 -0.39713 0.07791 0.10388
16.43478 -5.74401 -3.43869 -4.58493 -0.39407 0.08090 0.10787
16.47826 -5.92310 -3.40113 -4.53484 -0.39102 0.08377 0.11170
16.52174 -6.10019 -3.36241 -4.48321 -0.38798 0.08653 0.11537
16.56522 -6.27530 -3.32260 -4.43013 -0.38495 0.08917 0.11890
16.60870 -6.44846 -3.28175 -4.37567 -0.38193 0.09171 0.12228
16.65217 -6.61968 -3.23992 -4.31990 -0.37893 0.09415 0.12553
16.69565 -6.78899 -3.19716 -4.26288 -0.37596 0.09649 0.12865
16.73913 -6.95643 -3.15351 -4.20468 -0.37301 0.09873 0.13165
16.78261 -7.12202 -3.10903 -4.14537 -0.37008 0.10089 0.13452
16.82609 -7.28578 -3.06374 -4.08499 -0.36719 0.10296 0.13728
16.86957 -7.44775 -3.01771 -4.02361 -0.36432 0.10494 0.13992
16.91304 -7.60796 -2.97096 -3.96128 -0.36149 0.10685 0.14246
16.95652 -7.76644 -2.92353 -3.89804 -0.35868 0.10867 0.14490
17.00000 -7.92321 -2.87546 -3.83395 -0.35592 0.11043 0.14724
17.04348 -8.07830 -2.82678 -3.76904 -0.35319 0.11211 0.14948
17.08696 -8.23176 -2.77753 -3.70337 -0.35049 0.11373 0.15164
17.13043 -8.38360 -2.72773 -3.63698 -0.34783 0.11528 0.15371
17.17391 -8.53385 -2.67742 -3.56989 -0.34520 0.11677 0.15569
17.21739 -8.68255 -2.62662 -3.50216 -0.34262 0.11820 0.15760
17.26087 -8.82973 -2.57536 -3.43381 -0.34007 0.11957 0.15943
17.30435 -8.97541 -2.52366 -3.36488 -0.33756 0.12089 0.16118
17.34783 -9.11963 -2.47155 -3.29540 -0.33508 0.12215 0.16287
17.39130 -9.26240 -2.41905 -3.22540 -0.33264 0.12337 0.16449
17.43478 -9.40377 -2.36618 -3.15491 -0.33024 0.12453 0.16605
17.47826 -9.54375 -2.31296 -3.08395 -0.32788 0.12565 0.16754
17.52174 -9.68237 -2.25942 -3.01256 -0.32555 0.12673 0.16897
17.56522 -9.81967 -2.20556 -2.94075 -0.32326 0.12776 0.17035
17.60870 -9.95567 -2.15141 -2.86855 -0.32101 0.12876 0.17168
17.65217 -10.09038 -2.09699 -2.79599 -0.31879 0.12971 0.17295
17.69565 -10.22385 -2.04231 -2.72307 -0.31661 0.13063 0.17417
17.73913 -10.35609 -1.98738 -2.64983 -0.31447 0.13151 0.17534
17.78261 -10.48712 -1.93222 -2.57629 -0.31235 0.13235 0.17647
17.82609 -10.61698 -1.87684 -2.50245 -0.31028 0.13316 0.17755
17.86957 -10.74568 -1.82126 -2.42834 -0.30823 0.13394 0.17859
17.91304 -10.87325 -1.76548 -2.35398 -0.30622 0.13469 0.17959
17.95652 -10.99971 -1.70953 -2.27937 -0.30424 0.13541 0.18055
18.00000 -11.12509 -1.65340 -2.20454 -0.30230 0.13611 0.18147
18.04348 -11.24939 -1.59712 -2.12949 -0.30039 0.13677 0.18236
18.08696 -11.37265 -1.54069 -2.05425 -0.29850 0.13741 0.18321
18.13043 -11.49488 -1.48412 -1.97883 -0.29665 0.13802 0.18403
18.17391 -11.61611 -1.42742 -1.90323 -0.29483 0.13861 0.18482
18.21739 -11.73635 -1.37060 -1.82747 -0.29304 0.13918 0.18557
18.26087 -11.85563 -1.31367 -1.75156 -0.29128 0.13973 0.18630
18.30435 -11.97395 -1.25663 -1.67550 -0.28954 0.14025 0.18700
18.34783 -12.09135 -1.19949 -1.59932 -0.28783 0.14075 0.18767
18.39130 -12.20783 -1.14226 -1.52302 -0.28616 0.14124 0.18831
18.43478 -12.32342 -1.08495 -1.44661 -0.28450 0.14170 0.18893
18.47826 -12.43813 -1.02757 -1.37009 -0.28288 0.14215 0.18953
18.52174 -12.55198 -0.97011 -1.29348 -0.28128 0.14258 0.19010
18.56522 -12.66499 -0.91258 -1.21678 -0.27971 0.14299 0.19065
18.60870 -12.77716 -0.85500 -1.14000 -0.27816 0.14338 0.19118
18.65217 -12.88852 -0.79736 -1.06315 -0.27663 0.14376 0.19168
18.69565 -12.99909 -0.73967 -0.98623 -0.27513 0.14413 0.19217
18.73913 -13.10886 -0.68194 -0.90925 -0.27366 0.14448 0.19264
18.78261 -13.21787 -0.62417 -0.83222 -0.27220 0.14482 0.19309
18.82609 -13.32613 -0.56636 -0.75514 -0.27077 0.14514 0.19352
18.86957 -13.43364 -0.50852 -0.67802 -0.26937 0.14545 0.19393
18.91304 -13.54042 -0.45065 -0.60087 -0.26798 0.14575 0.19433
18.95652 -13.64648 -0.39276 -0.52368 -0.26661 0.14603 0.19471
19.00000 -13.75185 -0.33485 -0.44646 -0.26527 0.14631 0.19508
19.04348 -13.85652 -0.27692 -0.36922 -0.26394 0.14657 0.19543
19.08696 -13.96051 -0.21897 -0.29197 -0.26264 0.14682 0.19577
19.13043 -14.06384 -0.16102 -0.21470 -0.26136 0.14707 0.19609
19.17391 -14.16651 -0.10306 -0.13742 -0.26009 0.14730 0.19640
19.21739 -14.26854 -0.04510 -0.06013 -0.25885 0.14752 0.19669
19.26087 -14.36993 0.01287 0.01716 -0.25762 0.14773 0.19698
19.30435 -14.47071 0.07084 0.09445 -0.25641 0.14794 0.19725
19.34783 -14.57087 0.12880 0.17173 -0.25522 0.14813 0.19751
19.39130 -14.67043 0.18676 0.24901 -0.25404 0.14832 0.19776
19.43478 -14.76940 0.24471 0.32628 -0.25289 0.14850 0.19800
19.47826 -14.86779 0.30265 0.40353 -0.25174 0.14867 0.19823
19.52174 -14.96561 0.36058 0.48077 -0.25062 0.14884 0.19845
19.56522 -15.06286 0.41850 0.55799 -0.24951 0.14899 0.19866
19.60870 -15.15956 0.47640 0.63519 -0.24842 0.14914 0.19886
19.65217 -15.25572 0.53428 0.71237 -0.24734 0.14929 0.19905
19.69565 -15.35135 0.59214 0.78953 -0.24628 0.14942 0.19923
19.73913 -15.44644 0.64999 0.86665 -0.24524 0.14955 0.19940
19.78261 -15.54102 0.70781 0.94375 -0.24420 0.14968 0.19957
19.82609 -15.63509 0.76561 1.02081 -0.24319 0.14979 0.19972
19.86957 -15.72866 0.82339 1.09785 -0.24218 0.14991 0.19987
19.91304 -15.82173 0.88113 1.17485 -0.24119 0.15001 0.20002
19.95652 -15.91432 0.93886 1.25181 -0.24022 0.15011 0.20015
20.00000 -16.00642 0.99655 1.32873 -0.23925 0.15021 0.20028
20.04348 -16.09806 1.05421 1.40562 -0.23830 0.15030 0.20040
20.08696 -16.18923 1.11185 1.48246 -0.23737 0.15039 0.20052
20.13043 -16.27995 1.16945 1.55927 -0.23644 0.15047 0.20063
20.17391 -16.37021 1.22702 1.63603 -0.23553 0.15055 0.20073
20.21739 -16.46003 1.28456 1.71274 -0.23463 0.15062 0.20083
20.26087 -16.54942 1.34206 1.78941 -0.23374 0.15069 0.20092
20.30435 -16.63837 1.39953 1.86604 -0.23286 0.15075 0.20101
20.34783 -16.72690 1.45696 1.94261 -0.23200 0.15082 0.20109
20.39130 -16.81501 1.51436 2.01914 -0.23114 0.15087 0.20116
20.43478 -16.90271 1.57171 2.09562 -0.23030 0.15093 0.20123
20.47826 -16.99000 1.62903 2.17205 -0.22947 0.15098 0.20130
20.52174 -17.07689 1.68632 2.24842 -0.22864 0.15102 0.20136
20.56522 -17.16339 1.74356 2.32475 -0.22783 0.15107 0.20142
20.60870 -17.24950 1.80077 2.40102 -0.22703 0.15111 0.20147
20.65217 -17.33523 1.85793 2.47724 -0.22624 0.15114 0.20152
20.69565 -17.42057 1.91505 2.55340 -0.22546 0.15118 0.20157
20.73913 -17.50555 1.97214 2.62951 -0.22468 0.15121 0.20161
20.78261 -17.59016 2.02918 2.70557 -0.22392 0.15123 0.20165
20.82609 -17.67440 2.08618 2.78157 -0.22317 0.15126 0.20168
20.86957 -17.75829 2.14313 2.85751 -0.22242 0.15128 0.20171
20.91304 -17.84182 2.20005 2.93340 -0.22169 0.15130 0.20174
20.95652 -17.92501 2.25692 3.00923 -0.22096 0.15132 0.20176
21.00000 -18.00785 2.31375 3.08500 -0.22024 0.15133 0.20178
21.04348 -18.09036 2.37053 3.16071 -0.21953 0.15135 0.20180
21.08696 -18.17253 2.42727 3.23636 -0.21883 0.15136 0.20181
21.13043 -18.25437 2.48397 3.31196 -0.21814 0.15136 0.20182
21.17391 -18.33588 2.54062 3.38750 -0.21745 0.15137 0.20183
21.21739 -18.41708 2.59723 3.46298 -0.21678 0.15137 0.20183
21.26087 -18.49795 2.65380 3.53839 -0.21611 0.15138 0.20184
21.30435 -18.57851 2.71031 3.61375 -0.21545 0.15138 0.20184
21.34783 -18.65877 2.76679 3.68905 -0.21479 0.15138 0.20183
21.39130 -18.73872 2.82322 3.76429 -0.21415 0.15137 0.20183
21.43478 -18.81837 2.87960 3.83946 -0.21351 0.15137 0.20182
21.47826 -18.89772 2.93594 3.91458 -0.21288 0.15136 0.20181
21.52174 -18.97677 2.99223 3.98964 -0.21225 0.15135 0.20180
21.56522 -19.05554 3.04847 4.06463 -0.21163 0.15134 0.20179
21.60870 -19.13402 3.10467 4.13956 -0.21102 0.15133 0.20177
21.65217 -19.21222 3.16083 4.21444 -0.21042 0.15131 0.20175
21.69565 -19.29013 3.21694 4.28925 -0.20982 0.15130 0.20173
21.73913 -19.36778 3.27300 4.36400 -0.20923 0.15128 0.20171
21.78261 -19.44514 3.32901 4.43869 -0.20865 0.15127 0.20169
21.82609 -19.52224 3.38498 4.51331 -0.20807 0.15125 0.20166
21.86957 -19.59908 3.44091 4.58788 -0.20750 0.15123 0.20163
21.91304 -19.67565 3.49679 4.66238 -0.20693 0.15120 0.20161
21.95652 -19.75196 3.55262 4.73682 -0.20637 0.15118 0.20158
22.00000 -19.82801 3.60840 4.81120 -0.20582 0.15116 0.20154
22.04348 -19.90381 3.66414 4.88552 -0.20527 0.15113 0.20151
22.08696 -19.97936 3.71983 4.95978 -0.20472 0.15111 0.20148
22.13043 -20.05466 3.77548 5.03398 -0.20419 0.15108 0.20144
22.17391 -20.12971 3.83108 5.10811 -0.20366 0.15105 0.20140
22.21739 -20.20452 3.88664 5.18218 -0.20313 0.15102 0.20136
22.26087 -20.27909 3.94214 5.25619 -0.20261 0.15099 0.20132
22.30435 -20.35343 3.99761 5.33014 -0.20210 0.15096 0.20128
22.34783 -20.42753 4.05302 5.40403 -0.20159 0.15093 0.20124
22.39130 -20.50140 4.10839 5.47786 -0.20108 0.15090 0.20119
22.43478 -20.57504 4.16372 5.55162 -0.20058 0.15086 0.20115
22.47826 -20.64846 4.21900 5.62533 -0.20009 0.15083 0.20110
22.52174 -20.72165 4.27423 5.69897 -0.19960 0.15079 0.20106
22.56522 -20.79461 4.32942 5.77255 -0.19911 0.15076 0.20101
22.60870 -20.86736 4.38456 5.84608 -0.19863 0.15072 0.20096
22.65217 -20.93990 4.43965 5.91954 -0.19816 0.15068 0.20091
22.69565 -21.01221 4.49470 5.99294 -0.19769 0.15064 0.20086
22.73913 -21.08432 4.54971 6.06628 -0.19722 0.15060 0.20081
22.78261 -21.15622 4.60467 6.13956 -0.19676 0.15056 0.20075
22.82609 -21.22790 4.65958 6.21278 -0.19630 0.15052 0.20070
22.86957 -21.29939 4.71445 6.28593 -0.19585 0.15048 0.20064
22.91304 -21.37067 4.76928 6.35903 -0.19540 0.15044 0.20059
22.95652 -21.44174 4.82405 6.43207 -0.19496 0.15040 0.20053
23.00000 -21.51262 4.87879 6.50505 -0.19452 0.15036 0.20048
23.04348 -21.58331 4.93348 6.57797 -0.19408 0.15031 0.20042
23.08696 -21.65379 4.98812 6.65083 -0.19365 0.15027 0.20036
23.13043 -21.72409 5.04273 6.72363 -0.19322 0.15023 0.20030
23.17391 -21.79419 5.09728 6.79638 -0.19280 0.15018 0.20024
23.21739 -21.86411 5.15179 6.86906 -0.19238 0.15014 0.20018
23.26087 -21.93383 5.20626 6.94168 -0.19196 0.15009 0.20012
23.30435 -22.00337 5.26069 7.01425 -0.19155 0.15005 0.20006
23.34783 -22.07273 5.31507 7.08676 -0.19114 0.15000 0.20000
23.39130 -22.14191 5.36940 7.15921 -0.19073 0.14995 0.19994
23.43478 -22.21091 5.42370 7.23160 -0.19033 0.14991 0.19987
23.47826 -22.27973 5.47795 7.30393 -0.18994 0.14986 0.19981
23.52174 -22.34837 5.53215 7.37621 -0.18954 0.14981 0.19975
23.56522 -22.41684 5.58632 7.44842 -0.18915 0.14976 0.19968
23.60870 -22.48513 5.64044 7.52058 -0.18876 0.14971 0.19962
23.65217 -22.55326 5.69451 7.59269 -0.18838 0.14966 0.19955
23.69565 -22.62121 5.74855 7.66473 -0.18800 0.14962 0.19949
23.73913 -22.68900 5.80254 7.73672 -0.18762 0.14957 0.19942
23.78261 -22.75662 5.85649 7.80865 -0.18725 0.14952 0.19935
23.82609 -22.82407 5.91040 7.88053 -0.18688 0.14947 0.19929
23.86957 -22.89137 5.96426 7.95235 -0.18651 0.14942 0.19922
23.91304 -22.95850 6.01808 8.02411 -0.18615 0.14937 0.19915
23.95652 -23.02547 6.07186 8.09582 -0.18579 0.14931 0.19909
24.00000 -23.09228 6.12560 8.16747 -0.18543 0.14926 0.19902
24.04348 -23.15893 6.17930 8.23907 -0.18507 0.14921 0.19895
24.08696 -23.22543 6.23295 8.31061 -0.18472 0.14916 0.19888
24.13043 -23.29178 6.28657 8.38209 -0.18437 0.14911 0.19881
24.17391 -23.35797 6.34014 8.45352 -0.18403 0.14906 0.19874
24.21739 -23.42401 6.39367 8.52490 -0.18368 0.14901 0.19867
24.26087 -23.48990 6.44716 8.59622 -0.18334 0.14895 0.19860
24.30435 -23.55564 6.50061 8.66748 -0.18301 0.14890 0.19853
24.34783 -23.62124 6.55402 8.73870 -0.18267 0.14885 0.19846
24.39130 -23.68669 6.60739 8.80985 -0.18234 0.14880 0.19839
24.43478 -23.75199 6.66072 8.88096 -0.18201 0.14874 0.19832
24.47826 -23.81715 6.71401 8.95201 -0.18169 0.14869 0.19825
24.52174 -23.88217 6.76725 9.02301 -0.18136 0.14864 0.19818
24.56522 -23.94704 6.82046 9.09395 -0.18104 0.14858 0.19811
24.60870 -24.01178 6.87363 9.16484 -0.18072 0.14853 0.19804
24.65217 -24.07638 6.92676 9.23568 -0.18041 0.14848 0.19797
24.69565 -24.14084 6.97985 9.30646 -0.18009 0.14842 0.19790
24.73913 -24.20517 7.03290 9.37720 -0.17978 0.14837 0.19782
24.78261 -24.26936 7.08591 9.44788 -0.17947 0.14831 0.19775
24.82609 -24.33341 7.13888 9.51850 -0.17917 0.14826 0.19768
24.86957 -24.39734 7.19181 9.58908 -0.17886 0.14821 0.19761
24.91304 -24.46113 7.24470 9.65961 -0.17856 0.14815 0.19754
24.95652 -24.52479 7.29756 9.73008 -0.17826 0.14810 0.19746
25.00000 -24.58832 7.35038 9.80050 -0.17796 0.14804 0.19739
25.04348 -24.65173 7.40315 9.87087 -0.17767 0.14799 0.19732
25.08696 -24.71500 7.45589 9.94119 -0.17738 0.14794 0.19725
25.13043 -24.77815 7.50860 10.01146 -0.17709 0.14788 0.19717
25.17391 -24.84118 7.56126 10.08168 -0.17680 0.14783 0.19710
25.21739 -24.90408 7.61389 10.15185 -0.17651 0.14777 0.19703
25.26087 -24.96686 7.66647 10.22197 -0.17623 0.14772 0.19696
25.30435 -25.02952 7.71903 10.29203 -0.17595 0.14766 0.19688
25.34783 -25.09205 7.77154 10.36205 -0.17567 0.14761 0.19681
25.39130 -25.15447 7.82402 10.43202 -0.17539 0.14755 0.19674
25.43478 -25.21676 7.87646 10.50194 -0.17512 0.14750 0.19667
25.47826 -25.27894 7.92886 10.57181 -0.17485 0.14744 0.19659
25.52174 -25.34100 7.98122 10.64163 -0.17457 0.14739 0.19652
25.56522 -25.40295 8.03355 10.71140 -0.17431 0.14734 0.19645
25.60870 -25.46478 8.08585 10.78113 -0.17404 0.14728 0.19637
25.65217 -25.52649 8.13810 10.85080 -0.17377 0.14723 0.19630
25.69565 -25.58809 8.19032 10.92043 -0.17351 0.14717 0.19623
25.73913 -25.64958 8.24251 10.99001 -0.17325 0.14712 0.19615
25.78261 -25.71096 8.29466 11.05954 -0.17299 0.14706 0.19608
25.82609 -25.77223 8.34677 11.12903 -0.17273 0.14701 0.19601
25.86957 -25.83338 8.39885 11.19846 -0.17248 0.14695 0.19594
25.91304 -25.89443 8.45089 11.26785 -0.17222 0.14690 0.19586
25.95652 -25.95537 8.50289 11.33719 -0.17197 0.14684 0.19579
26.00000 -26.01620 8.55486 11.40649 -0.17172 0.14679 0.19572
26.04348 -26.07693 8.60680 11.47573 -0.17147 0.14673 0.19564
26.08696 -26.13755 8.65870 11.54494 -0.17123 0.14668 0.19557
26.13043 -26.19806 8.71057 11.61409 -0.17098 0.14662 0.19550
26.17391 -26.25847 8.76240 11.68320 -0.17074 0.14657 0.19543
26.21739 -26.31878 8.81420 11.75226 -0.17050 0.14652 0.19535
26.26087 -26.37898 8.86596 11.82128 -0.17026 0.14646 0.19528
26.30435 -26.43908 8.91769 11.89025 -0.17002 0.14641 0.19521
26.34783 -26.49908 8.96938 11.95917 -0.16978 0.14635 0.19514
26.39130 -26.55898 9.02104 12.02806 -0.16955 0.14630 0.19506
26.43478 -26.61878 9.07267 12.09689 -0.16931 0.14624 0.19499
26.47826 -26.67848 9.12426 12.16568 -0.16908 0.14619 0.19492
26.52174 -26.73809 9.17582 12.23443 -0.16885 0.14614 0.19485
26.56522 -26.79759 9.22734 12.30313 -0.16862 0.14608 0.19478
26.60870 -26.85700 9.27884 12.37178 -0.16840 0.14603 0.19470
26.65217 -26.91631 9.33030 12.44039 -0.16817 0.14597 0.19463
26.69565 -26.97553 9.38172 12.50896 -0.16795 0.14592 0.19456
26.73913 -27.03465 9.43312 12.57749 -0.16772 0.14587 0.19449
26.78261 -27.09368 9.48448 12.64597 -0.16750 0.14581 0.19442
26.82609 -27.15262 9.53580 12.71440 -0.16728 0.14576 0.19434
26.86957 -27.21146 9.58710 12.78280 -0.16707 0.14570 0.19427
26.91304 -27.27021 9.63836 12.85115 -0.16685 0.14565 0.19420
26.95652 -27.32887 9.68959 12.91945 -0.16663 0.14560 0.19413
27.00000 -27.38744 9.74079 12.98772 -0.16642 0.14554 0.19406
27.04348 -27.44592 9.79196 13.05594 -0.16621 0.14549 0.19399
27.08696 -27.50431 9.84309 13.12412 -0.16600 0.14544 0.19392
27.13043 -27.56261 9.89419 13.19226 -0.16579 0.14538 0.19384
27.17391 -27.62082 9.94526 13.26035 -0.16558 0.14533 0.19377
27.21739 -27.67894 9.99630 13.32840 -0.16537 0.14528 0.19370
27.26087 -27.73698 10.04731 13.39641 -0.16517 0.14522 0.19363
27.30435 -27.79493 10.09829 13.46438 -0.16496 0.14517 0.19356
27.34783 -27.85279 10.14923 13.53231 -0.16476 0.14512 0.19349
27.39130 -27.91057 10.20014 13.60019 -0.16456 0.14507 0.19342
27.43478 -27.96827 10.25103 13.66804 -0.16436 0.14501 0.19335
27.47826 -28.02588 10.30188 13.73584 -0.16416 0.14496 0.19328
27.52174 -28.08341 10.35270 13.80360 -0.16396 0.14491 0.19321
27.56522 -28.14085 10.40349 13.87132 -0.16376 0.14486 0.19314
27.60870 -28.19821 10.45425 13.93900 -0.16357 0.14480 0.19307
27.65217 -28.25549 10.50498 14.00664 -0.16337 0.14475 0.19300
27.69565 -28.31269 10.55568 14.07424 -0.16318 0.14470 0.19293
27.73913 -28.36981 10.60635 14.14180 -0.16299 0.14465 0.19286
27.78261 -28.42685 10.65699 14.20932 -0.16280 0.14459 0.19279
27.82609 -28.48380 10.70760 14.27680 -0.16261 0.14454 0.19272
27.86957 -28.54068 10.75818 14.34424 -0.16242 0.14449 0.19265
27.91304 -28.59748 10.80873 14.41164 -0.16223 0.14444 0.19258
27.95652 -28.65420 10.85925 14.47901 -0.16204 0.14439 0.19252
28.00000 -28.71085 10.90975 14.54633 -0.16186 0.14434 0.19245
